AQWHPQAGK	155,483,554,598
CQWHPQAGK	309,339,393,708
DQWHPQAGK	129,157,378,511
EQWHPQAGK	272,291,306,662
FQWHPQAGK	165,190,419,702
GQWHPQAGK	275,311,599,705
HQWHPQAGK	74,198,491,529
IQWHPQAGK	86,208,246,359
KQWHPQAGK	24,94,502,546
LQWHPQAGK	23,41,49,64,76,96,125,146,151,156,158,160,184,247,261,262,282,310,332,347,391,443,451,452,468,473,496,510,527,558,575,597,604,612,658,690
MQWHPQAGK	97,144,226,594
NQWHPQAGK	84,152,278,360
PQWHPQAGK	284,327,478,655
QQWHPQAGK	170,410,541,657
RQWHPQAGK	61,289,585,714
SQWHPQAGK	126,162,665,675
TQWHPQAGK	50,173,328,637
VQWHPQAGK	88,253,297,706
WQWHPQAGK	13,258,569,624
YQWHPQAGK	21,171,532,587
LAWHPQAGK	29,383,509,642
LCWHPQAGK	186,288,317,382
LDWHPQAGK	202,267,396,648
LEWHPQAGK	39,222,534,663
LFWHPQAGK	8,148,268,404
LGWHPQAGK	204,286,374,544
LHWHPQAGK	92,438,464,666
LIWHPQAGK	305,375,566,639
LKWHPQAGK	366,507,634,695
LLWHPQAGK	201,352,435,693
LMWHPQAGK	235,417,418,436
LNWHPQAGK	387,423,582,691
LPWHPQAGK	232,414,439,471
LQWHPQAGK	23,41,49,64,76,96,125,146,151,156,158,160,184,247,261,262,282,310,332,347,391,443,451,452,468,473,496,510,527,558,575,597,604,612,658,690
LRWHPQAGK	131,174,463,487
LSWHPQAGK	196,490,521,676
LTWHPQAGK	420,456,508,627
LVWHPQAGK	3,4,520,523
LWWHPQAGK	138,243,373,465
LYWHPQAGK	401,528,685,694
LQAHPQAGK	441,600,632,719
LQCHPQAGK	395,552,611,660
LQDHPQAGK	331,506,654,700
LQEHPQAGK	63,257,460,671
LQFHPQAGK	322,525,562,644
LQGHPQAGK	71,117,316,640
LQHHPQAGK	46,75,166,389
LQIHPQAGK	212,416,588,707
LQKHPQAGK	90,99,338,633
LQLHPQAGK	0,431,522,651
LQMHPQAGK	178,217,680,716
LQNHPQAGK	37,230,386,469
LQPHPQAGK	107,266,437,495
LQQHPQAGK	213,524,563,573
LQRHPQAGK	60,159,187,390
LQSHPQAGK	109,175,323,446
LQTHPQAGK	167,346,480,570
LQVHPQAGK	16,57,231,555
LQWHPQAGK	23,41,49,64,76,96,125,146,151,156,158,160,184,247,261,262,282,310,332,347,391,443,451,452,468,473,496,510,527,558,575,597,604,612,658,690
LQYHPQAGK	280,336,428,678
LQWAPQAGK	91,353,430,602
LQWCPQAGK	56,103,105,498
LQWDPQAGK	335,501,559,586
LQWEPQAGK	147,199,381,595
LQWFPQAGK	65,68,172,421
LQWGPQAGK	80,182,290,482
LQWHPQAGK	23,41,49,64,76,96,125,146,151,156,158,160,184,247,261,262,282,310,332,347,391,443,451,452,468,473,496,510,527,558,575,597,604,612,658,690
LQWIPQAGK	102,330,399,493
LQWKPQAGK	120,475,561,565
LQWLPQAGK	12,313,344,488
LQWMPQAGK	113,142,209,538
LQWNPQAGK	32,77,225,457
LQWPPQAGK	150,318,621,668
LQWQPQAGK	78,237,450,613
LQWRPQAGK	6,87,180,293
LQWSPQAGK	379,568,605,672
LQWTPQAGK	163,481,567,631
LQWVPQAGK	45,250,285,371
LQWWPQAGK	27,89,314,664
LQWYPQAGK	67,234,236,474
LQWHAQAGK	55,189,368,453
LQWHCQAGK	119,183,206,674
LQWHDQAGK	294,413,484,494
LQWHEQAGK	66,192,325,445
LQWHFQAGK	384,444,557,629
LQWHGQAGK	251,539,572,607
LQWHHQAGK	122,455,630,653
LQWHIQAGK	14,110,116,298
LQWHKQAGK	20,48,254,320
LQWHLQAGK	52,188,405,425
LQWHMQAGK	233,432,472,578
LQWHNQAGK	98,141,300,576
LQWHPQAGK	23,41,49,64,76,96,125,146,151,156,158,160,184,247,261,262,282,310,332,347,391,443,451,452,468,473,496,510,527,558,575,597,604,612,658,690
LQWHQQAGK	214,228,349,619
LQWHRQAGK	83,220,337,409
LQWHSQAGK	133,168,292,394
LQWHTQAGK	215,271,626,709
LQWHVQAGK	181,477,677,689
LQWHWQAGK	354,584,643,661
LQWHYQAGK	248,357,406,470
LQWHPAAGK	340,407,442,583
LQWHPCAGK	5,315,646,670
LQWHPDAGK	273,355,581,696
LQWHPEAGK	433,622,650,704
LQWHPFAGK	398,592,686,717
LQWHPGAGK	238,264,303,499
LQWHPHAGK	9,115,191,400
LQWHPIAGK	121,324,514,712
LQWHPKAGK	42,308,549,577
LQWHPLAGK	40,207,526,652
LQWHPMAGK	93,177,259,362
LQWHPNAGK	312,345,370,543
LQWHPPAGK	1,252,459,697
LQWHPQAGK	23,41,49,64,76,96,125,146,151,156,158,160,184,247,261,262,282,310,332,347,391,443,451,452,468,473,496,510,527,558,575,597,604,612,658,690
LQWHPRAGK	106,503,564,641
LQWHPSAGK	25,415,542,615
LQWHPTAGK	70,276,392,403
LQWHPVAGK	17,100,223,321
LQWHPWAGK	136,161,270,688
LQWHPYAGK	130,479,530,713
LQWHPQAGK	23,41,49,64,76,96,125,146,151,156,158,160,184,247,261,262,282,310,332,347,391,443,451,452,468,473,496,510,527,558,575,597,604,612,658,690
LQWHPQCGK	95,101,372,673
LQWHPQDGK	22,519,635,656
LQWHPQEGK	299,365,424,681
LQWHPQFGK	376,449,515,531
LQWHPQGGK	221,304,535,659
LQWHPQHGK	43,537,556,699
LQWHPQIGK	114,128,176,307
LQWHPQKGK	210,281,434,606
LQWHPQLGK	216,356,550,647
LQWHPQMGK	427,429,461,548
LQWHPQNGK	112,377,649,718
LQWHPQPGK	124,135,426,448
LQWHPQQGK	10,333,551,593
LQWHPQRGK	30,244,609,692
LQWHPQSGK	358,380,591,618
LQWHPQTGK	34,139,574,669
LQWHPQVGK	194,492,589,623
LQWHPQWGK	82,205,485,513
LQWHPQYGK	169,326,369,462
LQWHPQAAK	58,73,467,683
LQWHPQACK	603,667,679,687
LQWHPQADK	51,69,104,698
LQWHPQAEK	149,179,361,533
LQWHPQAFK	7,33,164,516
LQWHPQAGK	23,41,49,64,76,96,125,146,151,156,158,160,184,247,261,262,282,310,332,347,391,443,451,452,468,473,496,510,527,558,575,597,604,612,658,690
LQWHPQAHK	53,227,274,301
LQWHPQAIK	132,295,505,580
LQWHPQAKK	229,466,701,703
LQWHPQALK	18,62,127,200
LQWHPQAMK	19,185,408,560
LQWHPQANK	256,447,547,571
LQWHPQAPK	134,193,458,517
LQWHPQAQK	111,218,504,625
LQWHPQARK	79,241,351,711
LQWHPQASK	28,47,143,341
LQWHPQATK	108,224,277,422
LQWHPQAVK	54,140,287,454
LQWHPQAWK	240,269,684,710
LQWHPQAYK	72,255,265,342
