87
52
6.1504E-6
-6.0411E-5
-3.5231E-5
3.9187E-4
9.5223E-5
-4.1611E-5
4.0349E-4
1.4244E-4
1.9933E-4
2.6761E-5
1.5540E-4
1.9331E-4
1.0308E-4
2.1409E-4
6.0120E-5
2.7871E-4
2.6970E-4
1.7641E-4
1.4740E-4
-8.3866E-5
3.2955E-4
1.5700E-4
-2.0450E-4
1.0909E-4
2.7661E-4
2.0129E-6
-3.0815E-5
-2.1658E-4
2.1802E-4
1.3009E-4
2.7387E-4
2.5587E-4
-9.9781E-5
8.8871E-5
6.6601E-5
2.7449E-4
1.6507E-4
6.2354E-5
3.9902E-5
1.4202E-4
9.0923E-5
1.8686E-4
2.6824E-4
3.8067E-4
3.3964E-4
1.8156E-5
-9.1273E-5
2.3430E-4
2.2921E-4
3.2513E-3
-2.1953E-4
-5.8320E-5
8.6938E-5
-1.2162E-5
-1.9209E-5
3.8804E-5
8.3278E-5
-2.1323E-4
1.4434E-4
6.6965E-5
-3.2208E-5
1.0335E-4
2.6019E-4
-5.8585E-5
9.3153E-5
3.6396E-4
1.7833E-4
-6.5187E-5
1.1201E-4
1.9632E-4
1.2095E-4
7.2475E-5
-1.8954E-5
1.6217E-4
5.1109E-5
1.3649E-5
2.0009E-4
2.7678E-5
-5.1503E-5
-1.5162E-4
6.8050E-5
2.4830E-4
3.1271E-4
2.8003E-4
-5.9807E-5
4.4861E-5
-5.0783E-5
1.9479E-4
3.3714E-4
4.3740E-5
-1.3441E-4
-8.9775E-5
4.7349E-5
1.3544E-4
4.4453E-6
2.4195E-4
2.5267E-3
5.5261E-5
2.3782E-4
1.6775E-4
-1.3244E-4
-5.9748E-5
-7.8891E-6
-9.7172E-6
2.4643E-4
1.6453E-4
5.6472E-5
3.7310E-4
-2.6597E-5
1.6044E-4
-1.9330E-5
3.2419E-4
-4.7356E-5
1.5442E-4
1.1947E-4
2.1370E-4
-9.8302E-5
2.6761E-4
2.3515E-4
1.5759E-4
-1.9673E-4
1.8476E-4
1.4142E-4
8.5669E-5
2.7163E-4
8.4170E-5
2.6301E-3
-1.3869E-4
-2.8665E-5
6.9260E-6
-1.0902E-5
-9.8336E-5
6.2035E-5
1.1962E-4
2.5068E-5
1.4955E-4
1.4655E-4
4.8569E-5
1.2134E-4
1.6061E-4
2.1040E-4
-5.3824E-5
-4.2827E-5
1.4034E-4
2.7956E-5
2.5622E-3
-1.6102E-4
8.4223E-7
2.7057E-4
-2.0063E-6
2.5105E-4
6.6247E-5
1.6098E-4
1.7231E-4
2.0086E-5
-1.0991E-4
1.3350E-4
2.0718E-4
9.0745E-5
8.4717E-5
2.4646E-4
-3.6594E-5
1.2841E-4
2.1909E-4
1.1341E-4
9.3065E-5
3.1572E-4
1.5858E-4
1.2051E-4
1.2952E-4
1.8583E-4
1.8080E-4
7.8895E-5
2.3216E-4
1.9076E-4
-4.5195E-5
1.8602E-4
1.9372E-4
2.1356E-5
1.9362E-4
8.6519E-5
-1.3742E-4
9.6544E-5
2.8695E-4
8.8161E-5
-3.6686E-5
2.6886E-4
-4.0893E-5
1.3014E-4
-1.1374E-4
-1.0217E-4
-8.3870E-5
7.2562E-5
-2.7180E-5
1.9693E-4
1.7525E-4
9.1092E-5
5.2460E-5
2.3295E-4
1.6860E-4
2.7610E-4
1.6966E-4
1.4576E-4
-7.8117E-5
1.3317E-4
1.3825E-4
2.6663E-4
1.7991E-4
1.8162E-4
2.7060E-4
1.0172E-4
9.8901E-5
1.9397E-4
8.4433E-6
-5.3950E-7
3.0993E-4
-6.8318E-5
-1.4481E-4
9.6287E-5
-3.3709E-5
-6.2525E-5
1.9955E-4
3.6616E-4
1.9106E-4
3.4336E-5
1.5094E-4
3.0044E-3
1.9139E-5
9.8179E-5
1.0584E-4
6.8360E-5
1.4138E-4
9.0036E-5
1.1959E-6
3.0705E-4
1.9212E-4
8.3158E-5
7.7378E-5
1.3796E-4
2.8279E-4
2.5999E-4
1.0246E-4
9.6019E-5
1.1944E-4
1.8812E-4
2.4148E-4
1.9346E-4
-2.0588E-6
8.9549E-5
1.8966E-4
1.5795E-4
-8.0572E-6
2.8913E-4
2.9359E-5
1.1154E-4
1.1022E-4
1.6526E-4
-2.9073E-4
2.4304E-4
-4.7836E-6
1.5019E-4
2.1756E-4
3.6889E-5
1.4371E-4
3.3131E-4
1.4928E-4
-2.7258E-5
-2.2555E-4
1.8293E-4
-1.1978E-5
3.1073E-5
4.1885E-4
1.6394E-4
6.5054E-5
1.9263E-4
3.5198E-4
-8.1342E-5
8.0220E-6
2.4814E-4
-3.6906E-5
-9.6147E-5
1.6056E-4
8.7549E-5
-7.1932E-6
-4.5341E-5
4.4940E-6
1.5993E-4
2.3853E-4
-1.1300E-4
-9.7383E-5
2.0845E-4
3.0934E-4
3.2445E-4
1.9878E-4
-1.5288E-4
-7.8076E-5
2.1109E-5
1.2284E-4
2.6973E-4
1.4828E-4
-1.7509E-6
-6.7138E-5
7.8986E-5
1.1322E-4
2.5204E-4
3.2544E-4
-6.2044E-5
3.5655E-4
-9.1803E-5
-2.4020E-4
7.3693E-4
-8.4299E-5
2.0551E-4
2.7368E-5
5.8723E-5
-1.5391E-6
2.4909E-4
2.2896E-4
-5.3326E-5
1.4564E-4
1.9470E-4
1.2270E-4
1.2721E-4
2.7538E-4
2.2391E-4
-7.8011E-5
1.7865E-7
3.7866E-4
-5.5614E-5
4.3879E-5
1.8146E-4
9.8319E-5
9.1197E-5
5.6445E-5
4.1634E-5
2.1858E-4
3.4134E-4
1.9004E-4
3.7394E-5
-9.2729E-5
2.0075E-4
-5.6154E-5
-2.3350E-5
-8.2547E-5
2.2007E-4
2.2492E-5
2.2287E-4
1.2335E-5
3.8399E-5
4.2531E-4
1.1247E-4
1.7241E-4
1.4608E-4
1.0747E-5
3.4945E-5
2.9802E-5
8.9419E-5
5.1054E-5
1.5227E-4
8.2208E-5
3.9839E-5
4.5723E-6
1.8083E-3
-2.6616E-4
2.9227E-3
5.7822E-5
2.6248E-4
4.4700E-5
2.1855E-4
1.4372E-4
3.0084E-3
-2.9920E-4
3.5316E-4
2.1915E-4
-2.0109E-4
3.3837E-4
2.1218E-4
9.9183E-5
1.0814E-4
2.8645E-5
2.1436E-4
-1.7051E-4
-3.1868E-5
1.5920E-4
2.0244E-4
1.8031E-4
-2.0468E-4
2.9273E-4
1.6481E-4
1.5372E-4
6.1009E-5
1.9463E-4
7.1728E-5
1.3209E-4
2.2628E-4
2.3359E-4
1.7306E-4
3.5954E-5
1.8599E-4
-4.1711E-5
1.1530E-4
4.5896E-5
2.4548E-4
2.2441E-4
2.0368E-4
3.2293E-3
2.6425E-5
9.2638E-5
2.4919E-4
1.3906E-4
2.2560E-4
1.8238E-4
1.6204E-4
1.4046E-4
3.6938E-3
5.5635E-7
-1.1068E-4
1.8470E-4
2.4598E-3
1.7967E-4
2.2126E-3
5.4676E-6
1.0302E-4
-1.9250E-4
2.5123E-3
-1.1319E-4
-1.4143E-4
2.2995E-4
1.8827E-4
-1.9703E-5
-7.7139E-5
1.8311E-4
3.1100E-4
-3.4836E-6
5.8605E-5
2.4345E-4
1.7968E-4
2.5817E-5
-4.8908E-5
1.2555E-4
2.4578E-4
1.6651E-4
-5.0271E-5
-1.1962E-5
1.9107E-4
3.2819E-5
-3.7731E-5
3.5438E-5
1.6555E-4
2.1414E-4
1.3291E-4
2.5204E-3
-2.2637E-4
3.3751E-4
1.3804E-4
8.8947E-5
1.0439E-4
9.2850E-5
-6.5467E-5
-1.0485E-4
3.2924E-4
5.0111E-5
3.0569E-5
-1.6716E-5
2.7024E-4
1.3424E-4
2.7445E-3
4.9919E-5
-8.8053E-5
5.9991E-6
2.6869E-4
2.8798E-4
5.4873E-5
1.0322E-4
1.6355E-4
1.0836E-5
-6.7893E-6
3.2690E-4
2.8958E-5
-9.2300E-5
1.7319E-4
-4.4675E-5
2.0086E-5
-1.2859E-4
3.0732E-4
1.3601E-4
-6.3524E-6
1.2089E-4
2.0905E-4
2.1565E-4
-1.6657E-4
-5.7797E-5
1.8051E-6
2.8572E-4
1.6189E-4
4.7159E-5
-6.1586E-6
1.4903E-4
3.6368E-5
-1.5566E-4
4.5595E-5
4.2041E-5
2.7480E-3
-4.3795E-5
-1.7308E-4
2.5537E-3
1.9389E-4
2.4968E-4
1.7279E-4
1.7551E-5
7.5907E-5
4.7578E-5
-3.3243E-5
-5.4019E-5
1.6367E-4
-2.2926E-5
1.7766E-4
1.5850E-4
8.8235E-4
-1.5879E-4
1.8350E-4
9.4268E-5
-5.5827E-5
2.7205E-3
1.4240E-4
-2.5583E-5
8.4232E-5
-1.7873E-5
2.5996E-4
2.3847E-4
1.5370E-4
3.8215E-6
2.0543E-4
1.2962E-4
8.1851E-5
1.3807E-4
2.4630E-4
1.1102E-4
-9.3316E-5
-2.8283E-6
6.8838E-5
2.9504E-4
6.8442E-5
-1.9752E-5
1.0248E-4
1.1132E-6
2.9370E-4
1.5255E-4
1.3280E-4
1.3082E-4
2.1563E-4
2.0457E-4
4.6579E-5
1.1279E-4
2.5550E-4
9.7398E-5
1.7773E-4
7.6983E-5
9.9106E-5
2.3366E-4
1.9841E-4
1.6947E-4
1.1799E-4
-7.9074E-5
2.3309E-4
2.3324E-4
7.6646E-6
9.8911E-5
1.5834E-4
3.8065E-5
4.8463E-4
6.4569E-5
-1.2654E-4
2.3289E-4
1.8788E-4
7.0917E-5
1.9645E-4
4.6080E-5
2.8130E-4
1.8415E-4
-8.7436E-5
1.7236E-4
1.8888E-4
-1.4171E-4
-2.8575E-5
-4.4648E-5
2.8207E-3
-1.0126E-4
1.6604E-4
4.1845E-4
-9.3125E-5
-3.4113E-5
1.5083E-4
2.7103E-4
1.5887E-4
3.9324E-5
2.2936E-5
2.7174E-4
5.2270E-5
-6.3494E-5
4.1529E-5
-1.6226E-5
2.7415E-4
1.2738E-4
5.1803E-6
2.7622E-4
2.9241E-4
1.4456E-4
1.3814E-4
-1.2991E-5
-1.3051E-4
-7.3409E-5
-2.7013E-5
6.5269E-6
-7.4806E-6
3.4054E-5
1.1344E-4
1.6484E-4
2.5415E-4
1.0626E-4
1.3959E-4
1.0072E-4
1.4180E-4
2.1504E-4
2.3815E-4
-5.0101E-5
2.9339E-4
-3.2458E-5
-4.0596E-5
2.1553E-4
9.9760E-6
3.1540E-5
1.5514E-4
1.4334E-4
3.8581E-5
2.3302E-4
-6.2070E-5
1.4754E-4
5.8732E-5
9.0829E-5
8.9966E-5
3.3228E-4
1.8458E-4
4.1826E-5
9.7966E-5
2.4546E-4
2.9762E-4
1.3055E-4
3.1171E-5
4.5351E-5
3.3525E-4
-5.3122E-5
7.4801E-5
-1.0376E-4
2.5646E-4
6.9240E-5
-8.4468E-5
6.3051E-5
1.4873E-4
2.6373E-5
7.9769E-5
1.2149E-4
5.1101E-5
9.1362E-5
2.9069E-4
2.4609E-4
3.0785E-5
5.1667E-5
1.0701E-4
2.4032E-4
3.5138E-4
1.3583E-4
1.8520E-4
2.0204E-4
2.0546E-4
2.1683E-4
2.9273E-4
6.6717E-5
7.3294E-5
-6.0330E-5
-4.9149E-5
1.6629E-4
1.8225E-4
1.6337E-4
2.1570E-4
-7.9567E-7
7.2702E-5
1.3278E-4
1.7488E-4
7.7753E-5
2.2674E-4
4.0611E-5
1.3932E-4
2.0470E-4
3.2755E-4
-8.0251E-5
-1.4421E-4
2.0611E-4
2.4192E-4
1.6796E-4
8.9570E-6
1.2399E-4
8.5894E-5
2.8334E-4
5.6035E-5
1.6478E-5
2.0194E-4
1.6501E-4
1.7770E-4
-3.6221E-5
5.2823E-5
1.8943E-4
-3.4906E-5
2.9060E-4
-3.8223E-5
5.7764E-5
6.9589E-5
-1.8084E-4
-1.5826E-4
-1.2292E-4
-1.4837E-4
2.8927E-4
1.1020E-4
1.1532E-4
3.2637E-3
-1.0040E-4
3.0527E-4
2.3768E-4
1.8134E-4
2.1869E-4
2.3432E-4
2.4415E-4
-7.4830E-6
2.6819E-4
1.0462E-5
5.9160E-5
-1.0305E-5
3.9986E-5
5.7418E-5
9.9507E-5
2.1112E-4
7.3981E-5
1.5953E-4
4.0985E-5
1.6975E-4
3.3680E-5
2.7592E-4
1.2524E-4
-7.3656E-5
-4.8993E-5
3.7199E-4
1.7975E-5
1.7367E-5
3.2143E-5
3.4652E-4
3.1154E-4
1.5289E-4
1.4594E-4
1.6592E-4
4.2289E-6
4.1822E-5
1.3731E-4
1.1884E-4
1.4384E-4
-7.2620E-5
-3.1353E-5
8.1192E-5
3.1997E-3
-2.0403E-5
3.5940E-4
1.7106E-4
1.2115E-4
8.9527E-5
2.2210E-4
3.0666E-4
1.6602E-4
1.9966E-4
1.7539E-4
-4.8289E-5
2.5092E-4
5.3445E-5
1.6757E-4
-1.1488E-5
-1.8828E-5
1.1550E-4
-1.8108E-5
-6.7967E-5
-1.0980E-4
1.4149E-4
2.4926E-4
9.5377E-5
9.6180E-5
1.3622E-4
-4.8509E-5
1.3302E-4
2.7968E-5
6.2473E-5
9.2896E-5
2.5189E-4
3.2829E-4
-2.0375E-4
-1.4693E-4
2.6798E-4
2.7306E-3
-2.6220E-4
-7.8387E-5
9.1617E-5
2.7375E-4
2.8954E-5
5.1075E-5
4.0014E-5
-1.0342E-5
2.0529E-4
2.1357E-4
7.7162E-5
-8.0974E-5
9.7895E-5
2.8693E-4
-5.5605E-5
1.3335E-4
1.6341E-4
9.0138E-5
1.1763E-5
1.4249E-5
-1.7660E-4
1.6532E-4
1.5746E-4
-7.0470E-5
5.1089E-5
7.5853E-5
2.3349E-4
1.7754E-4
-3.3600E-5
2.7423E-4
2.1848E-4
3.0365E-4
1.1431E-4
-2.6667E-5
3.4722E-4
1.0028E-4
8.1979E-5
5.4518E-5
2.5108E-4
3.0547E-5
1.8847E-4
2.1446E-4
4.0228E-5
-6.3306E-5
1.6690E-4
-6.2252E-5
7.1887E-5
3.2181E-4
8.9915E-5
2.6076E-3
2.4761E-6
3.6522E-4
4.6513E-5
8.8946E-5
6.6288E-5
2.8612E-4
2.7311E-4
-3.3067E-5
-1.0858E-4
3.5329E-5
2.1110E-4
2.0041E-4
1.7732E-4
-5.8848E-5
7.1464E-5
2.6418E-4
2.4030E-4
9.7958E-5
1.8913E-4
2.3047E-4
1.9158E-4
-3.8398E-5
-5.6207E-5
2.3356E-5
1.0784E-4
2.2728E-4
-9.2709E-6
1.5168E-4
-1.2472E-5
2.1549E-4
-3.4625E-5
3.1358E-4
-1.4631E-4
2.6199E-3
-1.2602E-4
3.7740E-5
-5.9209E-5
3.1258E-4
1.4113E-5
1.4349E-4
2.9939E-4
8.5356E-5
1.5775E-4
2.9413E-4
4.5731E-5
1.5017E-4
6.0882E-5
1.1270E-4
-2.5342E-5
2.0997E-4
5.6764E-5
8.1321E-6
-7.8887E-5
1.4973E-4
1.3991E-4
1.4013E-4
6.8818E-5
-7.9248E-5
1.4668E-4
1.0022E-4
2.8956E-3
-1.7130E-4
1.0387E-4
1.5145E-4
6.5063E-5
1.6787E-4
2.6922E-4
2.4116E-4
2.5380E-4
1.5371E-4
1.0251E-4
2.3109E-4
2.4744E-4
7.1796E-5
5.7674E-5
1.3388E-4
1.2372E-5
1.5113E-4
-5.5558E-5
-9.7112E-5
-6.3912E-5
8.5394E-5
1.5675E-5
1.6889E-4
-8.3720E-6
1.8049E-4
2.4777E-4
7.5732E-5
1.2095E-4
1.1078E-4
1.3607E-4
-1.6759E-4
3.6629E-4
2.3886E-4
5.2017E-5
1.7721E-4
1.4568E-4
2.0680E-4
-9.3043E-5
6.4688E-5
4.1596E-5
1.0191E-5
1.6193E-4
2.1243E-4
-6.1532E-5
3.4304E-4
4.1235E-5
3.1319E-3
-2.8089E-4
9.8262E-5
3.2594E-4
4.0824E-4
-8.8777E-6
9.2351E-5
2.5034E-4
3.0884E-4
2.0395E-4
1.2003E-4
2.4245E-4
1.7584E-4
2.5955E-4
-6.2042E-5
1.8162E-5
1.0693E-4
2.5604E-4
2.6958E-4
-2.3642E-5
4.5392E-5
1.7373E-4
2.7074E-4
2.5361E-4
-1.0068E-4
1.8256E-4
2.9620E-4
7.9748E-5
-5.1330E-5
7.0238E-5
-1.5181E-4
2.2971E-4
1.7326E-4
1.2660E-4
1.6997E-4
3.5109E-4
-7.5375E-5
-1.1045E-4
3.3976E-4
1.9670E-4
-3.0731E-5
9.3897E-5
1.4460E-4
1.9175E-4
1.6509E-4
1.8725E-4
9.2519E-5
1.8262E-4
1.3537E-4
1.3726E-4
1.1499E-5
4.8206E-5
3.0064E-4
1.6344E-4
-4.6799E-6
1.2377E-4
3.0223E-4
-1.9225E-5
-1.5518E-4
8.6387E-5
7.6710E-5
3.1176E-4
1.9489E-4
2.9047E-5
2.2170E-5
2.7019E-4
1.2803E-4
-1.9149E-4
-6.4788E-5
2.2911E-4
2.4989E-4
-2.2102E-5
-1.4198E-4
3.1770E-3
-4.8679E-5
1.6464E-4
-1.7542E-4
1.3273E-4
5.5768E-5
-1.7439E-5
-6.4499E-5
3.5494E-4
1.2707E-4
2.1250E-4
2.3373E-4
1.7157E-4
-1.9594E-4
2.9415E-4
1.1902E-4
-7.0481E-5
1.6974E-4
8.1829E-5
-7.9414E-5
3.3039E-5
9.9054E-5
4.8175E-5
-1.1046E-4
1.9519E-4
9.4751E-5
3.7049E-5
-1.5298E-5
2.7266E-4
-1.6844E-4
2.0723E-4
6.0297E-5
3.7911E-5
-4.8662E-5
3.2702E-5
2.6612E-4
3.1772E-4
1.0071E-4
-8.0181E-5
6.9650E-5
1.0893E-4
2.4371E-4
2.6986E-4
3.0286E-5
-1.3469E-4
2.4336E-5
6.1165E-5
-1.2915E-4
5.7020E-5
7.3721E-5
1.2507E-4
-1.8258E-6
2.2759E-5
1.7890E-4
2.1547E-4
3.0304E-4
2.3693E-4
1.8602E-4
3.2025E-4
4.6301E-5
2.1937E-4
-4.7372E-5
2.3164E-5
2.2797E-4
3.2705E-4
-1.3836E-4
2.1079E-4
7.5876E-5
-3.8224E-5
3.1546E-5
1.5496E-6
-5.1400E-5
-7.0791E-5
6.5356E-5
2.8203E-4
1.7940E-4
-1.4083E-5
2.6623E-4
1.0978E-4
-5.6513E-5
2.1220E-4
2.4530E-4
-2.9740E-5
6.1941E-5
5.0486E-5
-1.0958E-4
-2.5132E-6
1.4411E-4
2.3575E-4
2.5437E-4
-3.4662E-5
9.8901E-5
1.8621E-4
2.0211E-4
2.5589E-4
5.0018E-5
2.1895E-5
2.0736E-5
1.4179E-4
-7.4296E-5
1.6259E-4
3.6548E-4
2.0358E-4
-1.7517E-4
-1.7101E-4
2.1700E-4
1.9443E-4
2.7108E-4
5.9969E-5
9.0018E-5
9.4526E-5
2.0414E-4
-3.6962E-5
3.1961E-4
-3.3322E-5
1.4068E-4
2.3241E-4
4.6204E-5
-1.5069E-4
3.4069E-4
-1.3501E-4
-1.1764E-4
2.0647E-4
1.8945E-4
4.6851E-5
-1.3177E-5
1.3952E-4
-3.6521E-5
7.0308E-6
-3.5140E-6
-6.2210E-5
-1.4269E-4
6.4590E-5
1.3800E-4
6.0088E-5
-1.4208E-5
2.4910E-3
-1.0377E-4
1.1914E-4
-1.0709E-4
5.5812E-5
2.0129E-4
-3.6558E-5
-4.8182E-5
-4.8503E-5
1.9968E-4
7.6127E-5
-3.7534E-5
-4.9554E-5
-5.2834E-5
9.3435E-5
2.2829E-4
-4.4671E-5
-1.0718E-5
1.1964E-4
1.7260E-4
-7.9308E-5
1.6912E-4
5.9579E-5
2.0613E-4
1.3152E-4
6.2676E-5
3.3820E-4
1.7608E-4
-2.3474E-5
8.4825E-5
9.5482E-5
5.9669E-5
1.7903E-4
2.2754E-4
4.5442E-5
2.3529E-4
1.7334E-4
-1.6566E-4
2.3690E-4
2.0351E-4
-1.2287E-4
1.6791E-4
2.2448E-4
9.9599E-5
-7.4656E-5
2.2294E-5
9.7253E-5
1.1293E-4
1.2306E-4
1.3901E-4
3.5190E-6
8.7083E-5
2.4728E-4
9.5541E-5
3.1146E-5
-1.0174E-4
-3.7957E-5
2.5103E-4
7.4430E-5
1.0195E-4
-4.6153E-5
-5.0754E-5
6.7202E-5
1.9462E-4
-8.7345E-6
1.8489E-5
-4.5897E-5
4.1837E-5
-1.4097E-4
-1.2924E-4
9.2398E-5
2.6623E-3
-4.8107E-6
-4.2286E-5
2.8002E-3
7.2833E-6
-1.1307E-4
-1.0113E-5
2.2739E-5
-5.0785E-5
6.1716E-5
-9.6445E-5
7.7959E-5
8.6504E-5
1.0145E-4
-1.1500E-5
-4.2363E-5
8.1551E-5
1.9469E-4
-7.0419E-5
-4.1416E-5
2.4628E-4
3.3811E-5
-8.1682E-6
5.4452E-5
1.7651E-4
-1.6292E-4
9.8878E-5
-2.1431E-4
1.0756E-4
-6.1968E-5
2.7323E-3
-3.0162E-6
1.1435E-4
6.0054E-5
2.7646E-4
2.8122E-3
-2.3526E-4
-2.3713E-5
1.8570E-4
4.0255E-5
4.9970E-5
-2.3048E-4
1.0348E-4
1.9707E-4
2.5346E-4
1.0591E-4
-1.1814E-4
3.3947E-5
8.5002E-5
-5.5466E-5
-7.7930E-5
-2.3136E-5
3.5546E-5
1.1159E-4
1.3115E-4
5.2150E-5
2.7839E-3
-7.5602E-5
1.7178E-4
1.1287E-4
2.0017E-4
-5.9598E-5
4.0523E-5
2.0251E-4
1.9361E-4
-1.8510E-4
1.7347E-4
5.8723E-5
-1.0470E-4
1.8000E-4
3.5288E-4
-8.6449E-5
1.2191E-4
2.2528E-4
-6.8765E-5
-9.3403E-5
3.6937E-4
-1.3062E-5
-2.3395E-4
1.2814E-4
3.9942E-4
4.1718E-5
3.6922E-5
-9.9232E-5
4.8563E-5
1.6626E-4
7.1882E-5
1.6480E-4
9.0688E-5
2.1738E-4
-5.9479E-5
3.6605E-4
1.3807E-4
7.6652E-5
-3.4655E-5
8.0504E-5
1.5279E-4
1.6250E-4
-1.0617E-4
-1.4989E-4
8.6543E-5
7.5333E-5
1.8946E-4
-1.4151E-4
1.6440E-4
-5.5521E-5
1.1728E-4
4.9128E-5
1.2600E-4
9.7828E-5
-8.7271E-5
1.5051E-4
-2.3060E-5
2.8560E-3
2.7311E-5
1.7500E-4
6.7582E-5
1.5169E-4
2.1609E-4
-2.8630E-5
1.2429E-4
1.8146E-4
2.1262E-5
-1.1515E-4
-1.6625E-4
3.1135E-4
3.1782E-3
-2.3207E-4
2.3749E-5
2.3380E-4
1.2582E-4
-1.6994E-5
1.3176E-4
2.7303E-4
9.4165E-5
1.2723E-4
2.4663E-4
1.2253E-4
9.6674E-5
-6.0488E-7
3.2067E-4
1.3013E-4
6.5764E-5
-3.4127E-5
2.3921E-4
2.5232E-4
-2.4549E-4
-2.9798E-5
5.7684E-5
1.8868E-5
8.0260E-5
-1.8378E-4
-6.8721E-5
-1.7427E-4
1.3819E-4
-5.9347E-5
-6.2968E-5
1.6291E-4
-8.8259E-6
2.6435E-4
1.4063E-5
1.1464E-4
2.0557E-4
2.9306E-3
5.7301E-5
-6.0455E-5
1.8352E-5
1.4931E-4
6.8357E-5
3.7752E-5
-8.3871E-5
2.1108E-4
-7.8190E-6
1.1994E-4
2.2901E-4
-7.7157E-5
1.1857E-4
2.3271E-4
2.6338E-4
7.0100E-5
1.3001E-5
1.1654E-4
2.3444E-4
6.6805E-5
2.3900E-5
1.8482E-4
2.1050E-4
6.6281E-5
-1.6094E-4
2.8040E-4
2.0756E-4
-5.0675E-5
1.3634E-4
6.9644E-5
1.4661E-4
2.3293E-4
2.9852E-4
1.8212E-4
1.5107E-6
5.4644E-5
1.7229E-4
2.3528E-4
2.6713E-4
1.3467E-4
-3.9189E-5
6.6932E-5
1.9218E-4
1.9142E-4
7.6713E-5
1.9465E-4
1.6908E-4
1.3088E-4
2.2583E-4
2.9461E-4
2.1121E-4
-3.2554E-5
1.4298E-4
8.5817E-5
9.2542E-5
-3.0674E-5
1.6417E-4
2.8643E-4
1.1080E-4
1.5416E-4
1.8994E-4
1.0877E-4
1.4399E-4
2.7365E-4
-2.4036E-5
2.0435E-4
3.6641E-4
-4.8482E-5
-2.6152E-4
1.9425E-4
2.8313E-4
6.4605E-5
-8.4645E-5
2.3874E-4
1.0240E-4
1.6667E-4
4.9880E-5
3.2670E-4
1.8862E-5
9.1016E-5
9.9256E-5
1.5584E-4
-6.8418E-5
2.3990E-4
7.6234E-5
-2.8385E-5
2.5351E-4
2.1255E-5
1.9182E-4
2.4882E-4
1.5532E-4
2.1307E-4
8.1725E-5
3.2121E-3
7.8289E-5
2.8594E-4
2.1137E-4
5.2545E-5
1.2845E-4
2.9934E-4
3.6867E-4
1.1890E-4
7.2868E-6
-1.2704E-5
2.2779E-4
3.4453E-5
4.9894E-5
1.0675E-4
1.6461E-4
2.0588E-4
-2.6246E-5
-1.0784E-4
1.5869E-4
1.6415E-4
-1.1192E-4
1.7524E-4
1.2407E-4
2.5423E-5
2.0636E-4
3.3190E-4
8.2189E-5
1.5195E-4
2.7535E-4
1.0902E-4
-2.2604E-5
1.1319E-4
2.9789E-4
2.2741E-4
2.0635E-5
1.3526E-6
1.9061E-4
1.6136E-4
1.5238E-4
6.8085E-5
7.5894E-5
1.8666E-5
1.7354E-4
-1.1077E-5
1.6411E-4
6.3987E-5
1.1050E-4
1.9128E-4
3.7522E-5
1.5306E-5
1.3080E-5
-1.2108E-4
6.4675E-5
6.7503E-5
1.3787E-4
1.9188E-6
1.1273E-4
2.3965E-4
2.8161E-4
2.4405E-4
-1.3472E-6
1.5505E-4
1.1509E-5
1.2692E-4
1.6168E-4
2.2008E-4
1.6472E-4
-5.4176E-5
2.0733E-4
-1.0946E-4
1.0485E-5
2.3889E-4
-1.2439E-4
1.0887E-4
1.7916E-4
1.2441E-4
-3.1969E-5
1.8721E-4
-2.9737E-5
-4.3400E-5
-7.2180E-5
2.8126E-4
1.1434E-4
1.3169E-4
3.8319E-4
3.7061E-4
1.3533E-4
6.3567E-5
2.3516E-4
2.8004E-4
2.0766E-5
-1.2561E-4
1.9062E-4
1.5570E-4
-3.8753E-5
-1.3737E-4
1.0697E-4
1.0091E-4
2.4907E-4
2.2610E-5
1.1440E-4
2.0783E-4
6.2980E-5
2.3959E-5
-1.8775E-5
1.9008E-4
2.3163E-4
3.7735E-5
-2.3448E-4
2.3672E-4
-7.2553E-5
3.8947E-5
1.3563E-4
1.5863E-4
1.8536E-4
9.0017E-5
1.9665E-5
2.8161E-4
2.9213E-4
-8.4537E-8
1.7815E-4
1.2847E-4
-4.8815E-5
1.7786E-4
2.1700E-4
4.2227E-5
2.0927E-4
1.4040E-4
-1.7783E-4
1.5224E-4
2.0035E-4
9.5395E-5
1.6983E-4
1.7178E-4
4.0968E-4
-1.0518E-4
-1.1315E-4
1.7407E-4
1.1910E-4
2.9686E-5
6.7432E-5
2.1838E-4
2.9515E-4
1.2544E-4
-2.2131E-4
4.0969E-5
1.1301E-4
-5.9044E-5
4.2352E-5
4.4172E-5
1.4470E-4
1.2925E-4
8.8247E-5
8.0938E-5
1.9858E-4
1.8149E-4
1.8731E-4
-9.3907E-5
2.1569E-4
1.6698E-4
-2.0660E-4
2.6029E-5
-5.0045E-5
1.7666E-4
1.3883E-4
2.0464E-4
2.0138E-4
-6.2228E-6
1.8186E-4
-6.1990E-5
8.0059E-5
3.1309E-5
2.8557E-3
-1.8535E-4
-1.4324E-4
1.1071E-4
2.0065E-4
3.9914E-5
1.9446E-4
1.6639E-4
1.8779E-4
8.7317E-5
2.3073E-4
2.8841E-4
8.0282E-5
8.7859E-5
3.0881E-3
5.6195E-5
4.9670E-5
9.3117E-5
3.4916E-4
2.1554E-4
6.3869E-5
7.7892E-5
8.1109E-5
2.3573E-4
3.2801E-5
1.4512E-5
1.1264E-4
2.0416E-4
-2.4930E-5
1.1504E-4
1.2578E-4
8.3908E-5
9.6452E-5
1.0515E-4
2.7182E-5
1.9336E-4
-2.0581E-4
3.9907E-5
1.1676E-4
1.2262E-4
1.4842E-4
-1.6534E-4
-3.8234E-5
3.1329E-4
2.5138E-4
2.2712E-4
2.5452E-4
7.8451E-5
-5.1846E-5
1.6139E-4
1.9425E-4
-2.4717E-5
2.6076E-4
1.0862E-5
9.0492E-5
8.2733E-5
1.0135E-4
2.1329E-5
2.3607E-4
5.7746E-5
1.7064E-4
2.2233E-4
1.4368E-4
1.4640E-4
1.2287E-4
-1.0472E-4
-1.4681E-5
1.1714E-4
-1.0219E-4
1.7066E-4
1.8000E-4
2.3174E-4
1.8062E-5
-2.1187E-4
2.6438E-4
2.7234E-4
-2.9615E-5
5.5239E-6
-3.9607E-5
1.5964E-4
7.7012E-5
1.1602E-4
4.4976E-5
-2.8273E-5
2.1772E-4
8.5586E-5
1.4021E-4
-1.1705E-5
-9.0702E-5
9.3890E-5
1.7974E-4
1.6781E-4
8.6133E-5
1.4809E-5
1.4044E-4
6.5822E-5
1.3331E-4
-3.7024E-5
3.8112E-5
6.4432E-5
1.3939E-4
2.0201E-4
2.1391E-4
1.8587E-4
2.1111E-4
8.9850E-5
1.4900E-4
-7.6970E-6
1.9425E-4
-5.7780E-5
1.4936E-5
-7.6793E-5
1.7642E-4
-1.1041E-4
3.0260E-7
1.3320E-4
1.8517E-4
1.8069E-4
2.9750E-4
1.4623E-4
2.4019E-4
1.4110E-4
2.2575E-5
1.1129E-4
3.1894E-5
-5.7774E-5
-1.0400E-4
2.8394E-4
2.3819E-4
9.5268E-5
8.7850E-5
1.6207E-4
8.4741E-5
2.0632E-4
1.3663E-4
1.6010E-5
2.2340E-4
2.1055E-4
1.3614E-4
1.2601E-4
2.4523E-4
1.2320E-4
1.8129E-4
9.1208E-5
2.2057E-4
2.8327E-4
1.2368E-4
-8.3488E-5
3.2104E-4
1.2939E-4
2.4682E-5
2.1226E-4
1.5763E-4
6.9767E-5
7.6282E-5
1.3709E-4
-4.1004E-5
2.4551E-4
3.0253E-3
-1.5511E-4
-1.1654E-4
2.1392E-4
1.5895E-4
-7.0057E-5
-8.9835E-5
1.9504E-5
2.1000E-4
6.6704E-5
2.1660E-4
1.6395E-4
2.3874E-4
1.1591E-4
2.9372E-4
1.1411E-4
1.1782E-4
9.1060E-5
7.1818E-5
-1.6415E-5
1.5341E-4
5.8100E-5
1.8634E-4
2.4440E-4
4.5433E-6
1.6058E-4
2.2357E-4
3.4199E-3
-2.2665E-4
4.4297E-6
2.0628E-5
5.0136E-5
1.6838E-4
-6.3543E-5
1.0349E-4
1.7124E-4
-2.0668E-5
6.9433E-5
2.0169E-5
1.0074E-4
-2.1437E-5
5.5044E-5
2.3153E-4
1.4022E-4
-3.5147E-5
1.8308E-4
1.1570E-4
-9.1396E-5
2.2619E-4
1.5073E-4
1.8747E-4
-6.0346E-5
-2.5698E-5
2.0086E-4
1.2589E-4
1.4763E-4
5.0672E-5
1.5149E-4
-7.8123E-5
2.1903E-5
1.1494E-4
5.3556E-5
1.8709E-4
1.9270E-4
1.3949E-4
-2.8302E-5
2.7229E-4
2.9839E-4
-1.7858E-4
-5.8472E-5
2.5190E-4
7.9918E-5
1.4923E-5
-2.4025E-5
2.2929E-4
1.3709E-4
1.2487E-4
-1.0323E-4
7.9097E-5
1.9885E-4
1.3695E-4
1.8055E-5
-4.8617E-6
2.1074E-4
9.4644E-5
1.6883E-4
1.6508E-4
1.7625E-4
2.9314E-4
2.2973E-4
1.0056E-4
-3.7231E-6
8.3774E-5
1.7560E-5
1.4976E-4
-7.4018E-5
1.5500E-4
1.0949E-5
1.8036E-4
3.3417E-5
1.7022E-4
5.1065E-5
2.2088E-4
2.2412E-4
2.1875E-4
2.0878E-4
2.0646E-4
1.3344E-4
2.6166E-5
1.2553E-4
1.0619E-4
9.1211E-5
1.8919E-4
-1.8816E-6
1.4831E-4
-3.2998E-5
1.0980E-4
1.0202E-4
8.9321E-5
1.6415E-4
1.5535E-4
1.6910E-5
1.4359E-4
2.6276E-4
1.9808E-4
7.0828E-5
2.2798E-4
2.3395E-4
2.3912E-4
4.1133E-6
1.1292E-4
1.3585E-4
2.1819E-4
4.8637E-5
1.0017E-4
2.4204E-5
1.8059E-4
1.0438E-4
3.6210E-7
4.8972E-5
2.8342E-4
3.5714E-4
1.4215E-4
5.6616E-5
-9.3383E-5
2.4479E-4
1.5076E-4
1.8821E-4
2.9524E-5
8.6386E-5
1.9200E-4
7.1603E-5
7.4427E-5
8.5152E-5
1.5939E-4
2.3400E-4
2.3774E-4
1.1249E-4
2.3017E-4
1.8194E-4
1.1526E-4
8.2548E-5
1.3794E-4
1.7204E-4
2.1701E-4
-6.6132E-5
-3.0559E-5
2.2931E-4
1.1712E-4
1.0161E-4
-3.3681E-5
2.3830E-4
3.1438E-4
-3.2016E-5
-3.3737E-5
2.0450E-4
2.6705E-4
-1.1074E-5
1.9645E-5
1.4794E-4
6.6434E-5
1.7586E-4
-4.0196E-5
2.5170E-5
1.4299E-4
1.5915E-4
7.5740E-5
3.1079E-5
2.1591E-4
3.3610E-4
1.2649E-4
-3.4830E-5
8.2359E-5
2.8445E-4
2.0068E-4
1.2907E-4
1.4849E-4
1.9285E-4
2.7326E-4
-3.6388E-5
2.4971E-4
1.2839E-4
2.0097E-4
1.3860E-4
2.1866E-4
-8.8674E-5
2.2398E-4
-9.8025E-5
2.2922E-4
1.0215E-4
1.6122E-4
1.6815E-4
2.6497E-4
1.7303E-4
-2.3203E-5
1.4355E-4
1.4564E-4
7.2601E-5
2.7875E-4
8.7449E-5
-2.0681E-5
-4.5113E-5
7.7164E-5
3.3582E-4
3.1316E-4
1.7960E-4
1.8277E-4
6.1153E-5
2.2066E-4
3.9370E-5
1.3983E-4
7.8364E-5
3.0303E-3
9.3754E-5
-5.9150E-6
-1.2999E-4
1.3523E-4
2.5699E-4
2.2700E-4
2.1859E-5
3.4480E-5
2.7259E-4
3.2493E-4
1.9755E-4
3.6402E-5
3.0753E-3
3.0875E-3
5.5263E-5
3.0706E-5
2.0782E-4
8.2730E-5
5.9624E-5
1.1202E-4
2.9878E-3
-1.0258E-4
-4.4571E-5
1.9560E-4
-1.1872E-4
1.1478E-4
1.9001E-4
2.2156E-4
3.8763E-5
1.7037E-4
3.0005E-5
6.2667E-6
-6.1484E-5
1.3016E-4
1.7618E-5
6.9289E-5
2.1306E-4
2.0089E-4
1.6757E-4
1.3390E-4
-5.2410E-5
1.7959E-5
-4.6855E-5
2.2962E-4
7.3111E-5
-7.5808E-5
1.3795E-4
1.4985E-4
2.2969E-4
1.2983E-4
-1.0302E-6
1.9173E-4
1.0205E-4
2.4981E-4
1.3319E-4
-2.9054E-5
8.8649E-5
3.0656E-4
1.2003E-4
-1.5468E-4
1.0146E-4
3.0745E-4
2.8123E-4
1.2838E-4
1.1047E-4
1.7701E-4
1.5971E-4
1.4584E-4
-2.4706E-5
8.1510E-5
5.8635E-5
1.1195E-4
3.5965E-5
1.5932E-4
1.0810E-4
-1.0352E-4
9.1486E-5
5.7803E-5
1.7117E-4
7.5994E-5
1.9686E-4
1.6354E-4
-1.3007E-4
1.4134E-4
-7.1186E-5
1.8948E-4
3.4366E-4
2.4824E-4
1.0652E-4
1.5823E-5
1.2380E-4
3.4001E-4
-2.8908E-5
4.6843E-6
4.3507E-5
2.8917E-5
1.5038E-4
1.5930E-4
1.7832E-4
-3.3889E-5
1.5546E-4
1.1836E-4
3.2398E-3
-8.6371E-5
2.3969E-4
4.4227E-4
3.2346E-4
-7.4960E-5
5.9244E-5
1.6775E-4
2.2203E-4
-6.2806E-5
3.8728E-5
-8.1764E-6
6.0075E-5
1.7268E-4
-7.3309E-6
8.9789E-5
1.8434E-4
-1.9551E-5
3.4853E-5
-8.2685E-5
-1.2897E-4
-2.4139E-5
-4.1112E-5
1.9897E-4
5.1559E-5
1.5703E-4
4.6355E-5
-3.7241E-5
2.1980E-4
5.1950E-5
1.2248E-4
-7.8242E-7
-5.5216E-5
3.5811E-5
6.4084E-5
-1.4411E-4
2.0856E-4
3.0799E-5
3.1278E-4
9.4412E-5
1.4354E-4
2.0746E-4
2.3370E-4
-2.4771E-5
1.7473E-4
6.1223E-5
3.0872E-5
-8.1661E-5
1.6866E-6
3.0814E-6
1.6398E-4
1.5235E-4
3.9174E-6
3.3191E-3
-4.9871E-5
3.2681E-3
1.2509E-5
3.3121E-3
-4.4499E-5
-3.4458E-5
1.1358E-4
-1.7285E-5
7.8741E-5
1.0862E-4
1.7050E-4
9.5479E-5
7.3162E-5
2.0125E-6
1.4745E-4
-2.7468E-5
4.1076E-5
-5.7481E-5
-1.0446E-4
-6.9123E-5
-5.1614E-5
9.5318E-5
1.9052E-4
4.3741E-5
1.6869E-4
1.4154E-4
1.2625E-4
1.5037E-4
-8.9666E-5
2.5582E-4
2.0054E-6
-1.7924E-5
6.3063E-6
-6.7939E-6
3.7935E-6
-1.1022E-4
1.9245E-4
-2.3752E-5
-1.3830E-4
1.7689E-4
1.7516E-4
5.8166E-5
1.7599E-5
-1.1839E-4
4.8661E-5
-1.3084E-4
-1.8984E-5
1.9926E-4
1.8074E-4
1.4472E-4
2.7632E-3
2.7182E-5
1.0841E-4
2.3360E-4
1.6925E-4
3.1589E-4
1.6904E-4
-6.0645E-5
-2.7588E-5
2.2472E-5
1.5473E-4
1.2814E-4
2.8046E-3
5.5146E-5
4.7381E-5
1.6301E-4
9.8636E-5
-1.3122E-5
-9.4715E-5
2.2421E-5
-1.1885E-4
6.9293E-5
4.3652E-5
6.5114E-5
6.8484E-5
2.2157E-4
2.5998E-4
-3.2863E-5
-2.7038E-5
2.8128E-4
2.4849E-4
-3.6669E-5
4.4517E-5
2.7167E-4
1.2536E-4
-2.4678E-6
1.7762E-4
-3.3287E-5
1.9903E-4
2.4832E-4
5.0281E-5
1.0971E-4
2.0631E-4
1.2842E-4
3.9570E-5
-2.3810E-5
2.7843E-5
6.6086E-5
9.9848E-5
6.7752E-5
1.7149E-5
1.3546E-4
1.3399E-4
8.5574E-5
5.5952E-5
1.8535E-4
9.5197E-5
-4.0140E-5
5.0545E-5
2.2030E-4
1.7613E-4
3.2646E-4
7.4010E-6
-3.6825E-5
-2.5013E-5
7.4281E-5
1.4870E-4
-4.4515E-5
8.2718E-5
-1.9116E-5
-6.8100E-5
-8.7972E-5
5.0819E-6
3.8415E-5
4.1680E-5
3.1095E-5
1.8280E-4
1.5004E-4
5.7382E-5
1.7043E-4
7.5179E-6
2.7062E-4
1.6355E-4
1.3511E-4
1.8966E-4
1.8352E-5
-1.3979E-4
2.4782E-4
2.9836E-3
-2.0072E-4
1.4263E-4
2.4140E-4
8.6735E-5
-4.1105E-5
1.3158E-4
2.3430E-4
1.6299E-4
1.1273E-4
1.3438E-4
6.3963E-7
1.7280E-7
-2.6896E-5
3.4826E-5
7.9176E-5
3.8122E-5
-4.7824E-5
2.1554E-4
1.9907E-4
1.0930E-4
1.3589E-4
-6.3495E-5
-3.6259E-5
1.0566E-4
4.2977E-4
2.0109E-4
1.7344E-4
-5.2658E-6
4.0188E-5
9.0137E-6
9.9920E-5
-6.5742E-6
3.2086E-4
3.2359E-4
2.2681E-4
2.7270E-4
2.6925E-4
1.6791E-4
3.8478E-5
4.3181E-5
2.0938E-4
1.2885E-4
8.7774E-6
2.9808E-5
4.7458E-6
-2.5719E-5
2.7377E-4
1.3809E-4
2.3473E-5
1.4619E-4
1.6938E-4
3.0591E-4
2.7659E-4
-1.1825E-4
-2.7110E-5
2.7671E-4
1.0399E-4
1.3192E-4
3.0273E-4
2.8878E-4
1.4787E-4
3.5642E-5
2.9413E-5
5.0842E-5
-1.7612E-4
1.2326E-4
7.0595E-5
6.8680E-5
3.2320E-5
1.3274E-5
5.8156E-5
3.3028E-5
2.7419E-4
-1.5255E-4
-1.1701E-5
1.5176E-4
1.8039E-4
1.1532E-4
3.8369E-5
1.6930E-4
2.0699E-4
5.4127E-5
6.4507E-5
2.1843E-4
-2.6016E-5
3.3909E-3
5.0790E-5
5.7634E-5
1.8491E-4
-5.1641E-5
1.0051E-4
4.5377E-5
1.9976E-4
1.6537E-4
-5.0993E-5
2.8480E-4
-7.4486E-6
1.4384E-4
-3.6674E-5
-1.5262E-4
1.2274E-4
2.6570E-4
-1.7056E-4
1.6849E-4
1.6297E-4
1.1421E-4
1.3955E-4
1.9773E-5
2.1216E-4
1.9390E-4
4.5288E-5
2.7855E-4
2.0622E-4
5.7561E-5
6.2134E-5
1.9960E-4
2.7190E-4
3.2991E-5
-8.5123E-5
2.1523E-5
3.0220E-4
-9.1195E-5
-3.6985E-5
2.5591E-4
1.9141E-4
2.4542E-4
1.3480E-4
9.3787E-5
2.8352E-4
3.0890E-4
4.8416E-5
-7.5710E-5
1.2329E-4
3.2580E-5
1.9099E-4
-1.1632E-4
1.9184E-4
1.4685E-4
1.9817E-4
-4.8264E-5
2.9415E-4
-2.9183E-5
2.4806E-4
-1.0356E-5
1.4855E-4
2.0490E-4
2.1466E-5
3.0762E-3
1.2354E-4
9.2884E-5
1.2389E-4
1.3574E-4
-9.5556E-5
-6.9063E-6
2.3523E-4
-2.0789E-5
1.3797E-4
2.4242E-4
1.6824E-4
6.2420E-5
1.2767E-4
2.1675E-4
2.0244E-5
2.4293E-4
8.1196E-5
2.6553E-4
9.9248E-5
7.5940E-5
1.8912E-4
2.4518E-4
3.2103E-4
8.9834E-6
3.4205E-3
6.1284E-5
-1.9066E-5
2.3926E-4
1.7558E-4
9.6167E-5
6.8656E-5
3.4403E-5
-7.2610E-5
-3.9768E-5
3.8766E-5
1.7863E-4
1.1650E-5
3.6524E-5
7.1124E-5
1.7929E-4
-2.5591E-5
-3.5159E-5
9.0984E-5
-9.5388E-5
1.7335E-4
8.1916E-5
2.2364E-4
1.7521E-4
-7.1949E-5
2.7558E-5
1.6601E-4
1.6117E-4
6.6788E-5
5.3990E-5
2.2080E-4
1.6852E-4
-5.6785E-5
2.4128E-4
1.5190E-4
1.1322E-4
3.1421E-5
1.7311E-4
7.2072E-5
8.4479E-5
1.0928E-4
1.3558E-4
3.0118E-4
9.6784E-5
1.8141E-4
2.2885E-4
2.7936E-4
-1.3746E-4
-5.9094E-7
2.1497E-4
2.0962E-4
-9.7730E-5
1.1418E-4
1.7356E-4
8.3606E-5
1.7845E-4
9.4691E-5
1.8237E-4
2.3449E-4
1.3419E-4
-2.9547E-5
4.8336E-6
4.0761E-5
1.6353E-4
1.3345E-4
2.5885E-5
3.8127E-5
3.6140E-4
1.7765E-4
-9.8156E-5
1.7603E-4
2.0067E-4
6.1683E-5
1.8111E-4
1.8873E-4
9.0543E-5
2.9192E-5
2.2196E-4
-5.5393E-5
2.1147E-4
2.4674E-4
2.0874E-4
2.4513E-4
2.2836E-4
2.2250E-4
3.6519E-5
-5.7065E-5
2.0682E-4
6.4504E-5
1.9992E-4
7.5320E-5
3.5527E-4
1.1353E-4
-1.8728E-5
5.6047E-5
8.4601E-5
4.8047E-5
2.8573E-3
1.0632E-4
2.7556E-3
1.0241E-4
1.4169E-4
1.4341E-4
-4.1637E-5
-6.1377E-5
2.2626E-4
1.8231E-4
2.5594E-4
2.4411E-5
1.5010E-4
2.2757E-4
2.8410E-4
2.0498E-4
2.9267E-5
4.1811E-5
2.9925E-4
-2.9707E-6
2.3333E-5
1.0296E-4
2.6472E-4
2.1634E-4
-4.1145E-5
2.8730E-3
7.5218E-5
1.6683E-4
8.7735E-5
1.5509E-4
2.4532E-6
3.9093E-5
1.0992E-4
2.1493E-4
2.4340E-5
1.5097E-4
6.4754E-5
1.4070E-4
1.2651E-4
2.2251E-4
1.0752E-4
2.7112E-5
2.2584E-4
-6.8576E-6
2.8374E-3
-2.2289E-4
8.6190E-5
4.9144E-5
2.8019E-5
3.2959E-4
8.9103E-5
2.3484E-4
8.4085E-5
2.3092E-4
2.6012E-4
1.4235E-4
1.7594E-4
1.7707E-4
3.3393E-4
2.0468E-4
6.4493E-5
7.2420E-6
2.0114E-4
1.3928E-4
-2.5276E-5
-1.6041E-5
2.5734E-4
1.8617E-5
1.8502E-4
9.2654E-5
1.0913E-4
6.8297E-5
9.3278E-5
-4.1133E-5
1.7630E-4
2.2273E-4
2.4630E-4
-1.4791E-5
2.5143E-4
2.5163E-4
6.0941E-5
-4.0215E-5
1.8866E-4
1.1940E-4
2.2033E-5
1.6590E-4
-7.2339E-5
-3.2338E-5
7.6967E-7
2.1999E-4
-5.5906E-5
2.6081E-4
2.1900E-4
1.5617E-4
1.2722E-4
1.0941E-4
2.6009E-4
1.1957E-4
2.1501E-4
1.8658E-4
1.2409E-4
2.3424E-4
2.2874E-4
2.3256E-4
-1.7522E-4
2.6890E-4
3.7458E-5
7.1591E-6
2.3629E-4
-1.1117E-4
2.4739E-5
1.6937E-4
2.9400E-3
-1.6687E-4
1.4155E-4
2.6253E-4
2.3617E-4
1.4871E-4
3.1087E-3
1.6808E-4
-1.7045E-5
-8.6511E-5
1.8651E-4
-3.9431E-5
2.2042E-4
-3.5628E-5
1.3557E-4
5.2710E-5
9.6825E-5
1.4844E-4
6.4160E-5
1.9121E-4
8.6528E-5
1.4741E-4
2.1529E-4
5.1712E-5
1.7056E-4
4.0362E-5
2.0964E-4
-1.5244E-5
3.5632E-5
-2.5626E-5
8.8570E-6
1.3482E-4
1.7549E-4
9.1312E-5
-9.9702E-5
2.8107E-4
6.3161E-5
7.3016E-5
-8.0705E-5
1.6246E-4
8.7723E-5
-7.5361E-5
3.0656E-3
-5.0738E-5
-3.4348E-5
5.1382E-5
-1.0336E-4
3.3684E-4
1.9200E-4
1.1384E-4
1.6453E-4
1.7646E-6
7.9328E-5
1.2737E-4
7.6798E-5
4.7865E-5
1.1335E-4
4.2861E-5
6.8523E-5
1.3411E-4
2.8903E-4
-4.0521E-5
2.6226E-4
7.5771E-5
3.8371E-5
1.9630E-4
-9.6452E-5
7.5832E-5
1.2647E-4
2.5129E-4
2.1811E-4
3.0893E-6
8.4405E-5
1.7900E-5
2.4639E-4
1.3793E-5
-3.1467E-5
2.1056E-4
6.7301E-5
2.8758E-3
-1.5419E-4
1.8116E-4
2.4329E-4
1.2074E-6
-1.1257E-5
2.4915E-4
1.4087E-4
7.2057E-6
1.0400E-4
1.2073E-4
-6.5990E-5
-5.6231E-5
3.7919E-5
7.0234E-6
2.8684E-5
1.0437E-4
1.1007E-4
1.4016E-4
-4.6490E-5
3.6160E-4
3.5420E-4
-4.0576E-5
1.2922E-4
1.1741E-4
9.6844E-5
1.0285E-4
1.8565E-4
-7.4666E-4
-4.5857E-4
4.3586E-5
1.7866E-4
1.2887E-4
8.4833E-5
2.4856E-4
1.4133E-4
9.1148E-5
2.9073E-4
2.2987E-4
2.0338E-4
8.4575E-5
1.7808E-4
-7.3341E-6
4.3452E-4
2.0960E-4
1.6407E-4
2.0975E-4
7.5016E-5
1.9398E-4
2.4449E-4
8.1126E-5
2.9778E-3
1.9975E-4
1.9240E-4
3.9940E-6
2.1883E-4
1.7834E-4
1.7323E-4
1.7899E-4
7.5972E-5
8.0271E-5
3.8831E-6
1.1767E-4
1.5348E-4
1.8871E-4
-1.5815E-5
-8.7592E-5
1.8866E-4
6.6915E-5
3.2932E-3
1.2825E-5
1.7365E-4
1.2025E-4
5.9268E-5
3.3755E-3
8.2656E-5
1.0572E-4
-3.2966E-5
8.1784E-5
-7.1579E-6
7.5822E-5
8.6039E-5
2.5297E-4
2.7074E-4
1.2290E-4
6.1481E-5
1.2734E-4
1.7791E-4
2.1143E-4
-8.5203E-5
9.4241E-5
5.7360E-5
1.7134E-4
1.1865E-4
2.4621E-4
1.5357E-4
1.1756E-5
2.9345E-3
-6.7987E-5
1.8645E-4
2.2150E-4
9.2705E-5
-7.2699E-5
2.2550E-4
8.7276E-5
1.8792E-4
-6.1390E-5
1.5484E-4
8.6646E-5
2.5419E-4
1.3691E-4
1.3856E-4
1.9161E-4
2.6528E-4
1.0176E-4
1.5431E-4
1.7160E-4
1.7110E-4
1.8850E-4
9.0277E-5
1.0648E-4
1.9833E-5
2.2859E-4
4.6463E-4
3.2137E-4
1.7044E-4
4.7930E-5
2.3864E-4
3.0742E-4
1.6750E-4
-3.3849E-6
2.4658E-4
1.3578E-4
-1.5599E-5
1.0955E-4
2.7320E-4
1.4096E-4
-5.8898E-5
1.4325E-4
8.9654E-5
7.9082E-5
-5.4341E-5
-2.5557E-5
8.1316E-5
1.3500E-4
1.4733E-4
-7.3955E-5
2.4944E-5
5.7602E-5
7.1346E-5
2.0206E-4
-4.2917E-5
-5.0831E-5
8.1320E-5
4.7237E-5
-3.0818E-5
1.0003E-4
2.8561E-4
-1.8544E-5
3.4650E-5
1.8395E-4
1.9546E-5
-2.1040E-5
-1.2209E-5
2.6455E-4
1.1243E-4
3.3058E-5
1.6279E-4
-3.8510E-5
1.3831E-4
-1.2036E-5
3.0596E-4
1.9448E-4
3.8675E-5
1.3104E-4
1.9690E-4
1.3377E-5
-4.6077E-5
2.0065E-4
1.4488E-4
-8.9724E-5
4.7065E-5
2.0411E-4
1.2466E-4
1.2584E-4
4.0432E-5
9.6483E-5
9.0978E-5
-4.3168E-5
9.8957E-5
9.4752E-5
1.7299E-4
2.0901E-4
3.4585E-4
1.8209E-5
3.1571E-4
3.7629E-5
1.9124E-4
2.1559E-4
-6.3550E-5
1.4353E-4
-4.8366E-6
2.8087E-4
2.1543E-4
1.7769E-4
2.2699E-4
1.4820E-4
2.7570E-3
1.7360E-5
6.2610E-5
1.5578E-4
1.7180E-4
2.7280E-4
1.9472E-4
1.7696E-4
1.4599E-4
6.2307E-5
2.1425E-4
2.2224E-4
1.4174E-6
1.7008E-5
1.2827E-4
9.6568E-5
4.6187E-5
2.5471E-4
1.3158E-4
-2.7415E-5
1.8972E-4
-3.6033E-5
-2.2950E-5
3.0131E-3
-2.0704E-4
-3.2277E-5
2.1877E-4
3.0344E-3
-1.1996E-4
1.8443E-4
8.8131E-5
2.0779E-4
1.4051E-4
5.0850E-5
3.6473E-5
1.6068E-5
1.3750E-4
2.5261E-4
2.5936E-4
1.4795E-4
7.7096E-5
1.1428E-4
-6.8699E-6
2.3248E-4
2.1625E-4
-7.5834E-5
1.0886E-4
-1.8625E-5
3.1608E-4
2.8837E-3
7.7097E-5
1.1850E-4
2.2578E-4
1.8203E-4
7.8993E-5
3.0147E-4
9.0096E-5
-1.3005E-4
-9.6306E-5
4.6571E-5
2.6070E-4
3.0046E-3
1.0506E-4
1.8601E-4
3.9257E-4
1.8110E-4
4.0573E-5
1.8709E-4
9.1274E-5
1.3456E-4
2.1848E-4
2.0321E-4
2.3013E-4
7.5533E-5
1.8361E-4
1.4296E-4
2.8264E-4
1.4429E-4
4.0789E-5
-3.4541E-5
4.3448E-6
1.4039E-4
2.1160E-4
9.4493E-6
-1.5410E-5
1.4263E-5
1.3104E-4
1.0840E-4
2.0199E-4
1.6362E-4
1.1537E-4
2.0533E-4
-4.1660E-5
1.0934E-4
2.7700E-4
2.9487E-4
1.2295E-5
2.0372E-4
2.0825E-4
1.9043E-4
2.0737E-4
1.0390E-4
-1.7143E-5
2.1591E-4
6.9435E-6
1.2353E-5
-6.7308E-6
8.1044E-5
8.7521E-5
1.7677E-4
3.4325E-5
9.8699E-5
1.5801E-4
2.0097E-4
-8.1253E-5
1.9130E-4
-6.8140E-7
-1.6170E-4
-5.0218E-5
1.8576E-4
1.3990E-4
-3.1868E-5
1.2140E-4
9.8657E-5
2.7948E-4
2.5818E-4
2.0728E-4
5.6778E-5
9.8263E-5
3.0436E-4
1.3509E-4
8.9321E-5
-2.6045E-5
2.4911E-4
7.1490E-5
1.4318E-4
2.3333E-4
5.1047E-5
2.9336E-4
1.9645E-4
-1.9186E-5
2.5912E-4
1.0821E-4
1.3842E-4
1.7189E-4
-5.9899E-5
1.7266E-4
2.9919E-4
1.0190E-4
1.5385E-4
2.4892E-4
3.0357E-4
2.7587E-5
1.7813E-4
1.3912E-4
-1.8643E-5
2.4986E-5
1.1070E-4
1.4594E-4
-4.6742E-5
1.0181E-4
2.6062E-4
1.8475E-4
5.9914E-5
-7.0175E-5
9.8526E-5
2.1086E-4
5.3705E-5
3.9727E-5
3.1685E-3
1.4019E-4
2.0514E-4
1.9340E-4
9.6534E-5
9.8446E-5
3.2355E-3
1.4407E-5
2.2354E-4
-7.1289E-6
-9.4792E-5
-1.0935E-4
1.8070E-4
2.2168E-5
3.1127E-5
-1.6100E-5
2.0679E-4
2.9853E-5
2.5169E-4
3.1097E-5
1.9787E-4
1.0445E-4
1.0639E-4
1.9620E-4
1.6824E-4
2.4046E-4
2.0250E-4
-3.9567E-5
-1.1025E-5
1.4613E-4
1.6010E-4
3.1997E-4
-5.3022E-5
2.2002E-5
-4.0037E-5
-3.5549E-5
2.0976E-4
3.1514E-4
1.0919E-4
1.2929E-4
2.0554E-4
2.4970E-4
1.2036E-4
2.0862E-4
3.0993E-4
-8.9879E-5
2.5716E-4
-1.6323E-4
-1.1890E-4
2.4397E-4
1.8900E-4
9.3195E-5
-1.7472E-4
1.0561E-4
-2.7188E-6
3.2727E-3
-4.8502E-5
1.8368E-4
3.8923E-5
-1.5210E-3
-1.0105E-3
2.0553E-4
1.3972E-4
6.5714E-5
1.2220E-4
1.4691E-4
1.0378E-4
1.0116E-4
-3.2754E-5
2.6767E-4
1.1083E-4
1.3723E-5
3.1436E-4
2.5251E-4
-5.1243E-5
5.2285E-5
1.6104E-5
2.0346E-4
1.4665E-4
-5.4237E-5
2.1536E-4
9.3352E-5
9.7853E-5
-5.1583E-5
-2.9064E-5
8.7300E-5
-1.1081E-5
1.0174E-4
1.3264E-4
5.6493E-5
2.9600E-5
9.8452E-5
1.9736E-4
3.0187E-4
1.7343E-4
-9.7340E-5
1.0324E-5
3.0760E-3
-2.1613E-4
2.5095E-4
2.3986E-4
7.2911E-5
2.6689E-4
8.5648E-5
1.5793E-4
-3.4608E-5
1.9149E-4
2.9720E-4
1.1927E-4
1.1510E-4
1.6165E-4
1.9161E-4
1.4744E-4
1.0345E-5
1.7522E-4
1.4955E-4
1.1054E-4
9.0271E-5
1.5640E-4
2.8578E-4
1.7721E-4
4.9168E-5
1.8313E-4
-5.8289E-5
1.8572E-4
1.0270E-4
1.9822E-5
1.7691E-4
2.7021E-4
2.1576E-4
1.0502E-4
1.4053E-4
2.9566E-5
2.4960E-4
1.1497E-4
3.4689E-4
-4.0543E-5
2.3477E-4
8.2996E-5
1.5741E-4
5.6486E-5
2.6694E-4
1.1334E-4
2.4014E-5
-1.4703E-5
-3.5870E-5
1.9188E-4
-3.9307E-5
-9.0032E-5
-2.9619E-5
6.2268E-5
2.5986E-4
6.1956E-5
6.8206E-7
-7.4174E-5
2.6071E-4
1.8447E-4
1.8478E-4
-2.5877E-5
1.2529E-4
-7.8450E-5
-1.1713E-4
-1.5667E-5
2.8706E-4
2.1618E-4
1.4970E-5
1.8918E-4
2.4850E-4
4.7668E-5
-2.5982E-5
5.6377E-5
2.5418E-4
1.7755E-4
3.3166E-5
-7.7603E-5
8.9618E-5
1.0370E-5
2.1314E-4
8.9560E-5
2.6219E-4
1.5528E-4
7.5705E-5
1.6684E-4
1.6145E-4
-1.1455E-4
2.4781E-4
2.0815E-4
3.1872E-4
-5.2269E-5
2.2365E-4
2.1050E-4
2.8830E-4
1.8450E-4
2.4204E-4
1.7072E-4
4.6807E-5
1.4904E-4
-2.0590E-5
3.3093E-5
1.1973E-4
1.6485E-5
9.9420E-6
2.3530E-4
1.6456E-4
4.2518E-5
1.9181E-4
1.3996E-4
1.5060E-4
5.5353E-5
-1.3069E-5
9.9191E-5
2.0669E-4
2.9100E-5
6.1337E-5
-1.2096E-5
4.1574E-6
4.7478E-5
2.4355E-4
2.5664E-5
1.8656E-5
1.2046E-4
2.7614E-4
5.8862E-5
1.5726E-4
1.4156E-4
2.3850E-4
-8.0748E-5
-1.5649E-4
-3.7387E-5
2.6373E-4
1.3903E-4
-8.1027E-5
2.5913E-5
-7.8919E-5
1.4364E-4
1.9052E-4
-1.3644E-4
1.4363E-4
2.4314E-5
1.3346E-4
9.5370E-5
1.9445E-5
1.7408E-4
1.7946E-4
1.3728E-4
1.3801E-4
-3.9834E-5
-1.1751E-4
9.7529E-5
-1.0648E-4
1.6062E-4
1.9293E-4
1.1945E-4
1.5299E-4
1.8284E-4
1.1549E-4
2.9942E-3
-1.5109E-5
2.6927E-4
1.8399E-4
1.2060E-4
1.8600E-4
1.5550E-4
1.0688E-4
1.9348E-4
-4.5720E-5
4.8582E-5
5.5602E-5
1.2648E-4
-1.5249E-5
1.4661E-4
2.1126E-4
9.4429E-5
2.1815E-4
2.0916E-5
1.2672E-4
-1.0592E-4
3.6862E-5
2.2378E-4
2.6487E-4
-7.1101E-5
1.8197E-4
1.4167E-4
2.3613E-5
3.9305E-5
2.6441E-4
1.3146E-4
2.3785E-4
1.0229E-4
2.4561E-4
-5.9977E-5
1.4383E-4
-2.0175E-5
2.4035E-4
1.8319E-4
2.5652E-4
-3.9976E-5
1.0813E-4
-4.4082E-5
1.0750E-4
5.8399E-5
1.2193E-4
1.3245E-4
-7.0326E-5
2.1928E-4
1.2271E-4
1.7477E-4
1.2821E-4
-5.4784E-9
2.7851E-4
1.7023E-4
9.3114E-5
9.8501E-5
2.9081E-4
1.4100E-4
2.0096E-4
-5.6227E-5
2.3261E-4
4.6871E-5
2.2247E-4
-2.0184E-5
2.1220E-5
1.1037E-4
2.0270E-4
1.2481E-4
2.1641E-4
7.7639E-5
1.9404E-4
1.6762E-4
2.0978E-4
3.7876E-4
2.2777E-4
-6.6433E-5
2.1601E-5
2.0840E-4
2.4394E-4
2.0424E-4
-4.4943E-5
-2.7026E-5
1.3210E-4
2.2905E-4
3.3530E-3
-2.1448E-4
-8.4547E-6
1.9391E-4
1.2514E-4
1.2050E-5
2.6921E-4
2.3166E-4
1.6118E-4
3.4310E-5
6.6664E-5
9.2365E-8
1.6709E-4
1.6150E-4
-8.6215E-5
2.0070E-4
1.8902E-4
1.7726E-5
3.3538E-4
2.2227E-4
8.8141E-5
1.4910E-4
1.1245E-4
1.6027E-4
-1.2953E-4
1.8594E-4
2.1869E-4
1.3611E-4
1.1712E-4
8.9472E-5
2.1402E-4
1.4179E-4
3.3368E-3
-9.8762E-5
2.4387E-4
1.9359E-4
-9.7609E-5
1.2471E-4
7.9094E-5
3.4571E-3
-7.5552E-5
3.3358E-5
2.7706E-4
2.8004E-4
7.4387E-5
1.2761E-4
2.7733E-4
1.5412E-4
2.6634E-4
1.6012E-4
-1.0867E-5
2.2196E-4
1.4753E-4
1.9436E-4
3.0238E-4
2.3499E-4
1.8211E-4
5.0147E-5
1.0212E-4
1.6685E-4
1.1814E-4
7.4022E-5
1.6926E-4
2.4303E-4
2.0938E-4
1.4348E-4
3.5178E-4
2.8283E-4
3.1603E-4
1.4296E-4
1.6362E-4
1.4814E-4
2.1882E-4
1.2178E-4
3.1992E-3
-7.2818E-5
9.9524E-5
-1.0188E-4
7.6655E-5
2.5633E-4
1.2716E-4
2.2303E-5
1.4166E-4
1.7762E-4
-1.1353E-4
1.1650E-4
2.2719E-5
8.1754E-5
2.7191E-4
1.9025E-4
1.9089E-4
2.9512E-4
2.0992E-4
-3.2568E-5
2.1665E-5
1.6873E-4
2.7411E-5
2.1261E-4
1.3015E-4
2.3472E-4
1.6955E-4
5.0006E-5
1.2166E-4
1.1629E-4
1.6318E-4
1.4167E-4
2.0138E-4
1.1066E-4
7.1096E-5
-5.6837E-5
-1.1001E-4
1.7833E-4
5.6394E-5
9.6798E-5
1.0159E-5
1.4219E-4
4.6067E-5
3.1186E-3
-9.5466E-5
9.7550E-5
5.0144E-5
5.2950E-5
2.1954E-4
6.0913E-5
6.0748E-5
1.3275E-4
-3.2468E-6
8.0174E-5
3.4100E-4
1.8509E-4
1.3995E-4
-5.7945E-5
2.0286E-4
1.8055E-4
8.7942E-5
1.8270E-5
3.8699E-4
2.2194E-4
9.1267E-5
6.6044E-5
1.9673E-4
2.3676E-4
1.2252E-4
-8.1086E-5
1.3534E-4
2.2944E-4
3.4983E-3
1.7386E-4
2.3668E-4
-5.6260E-5
2.3385E-4
4.3376E-4
2.5677E-4
3.1912E-4
1.6500E-4
2.5064E-4
-5.6359E-5
-1.6205E-5
2.2606E-4
-3.8950E-5
8.7768E-5
2.2847E-4
2.6245E-4
2.3262E-4
1.5530E-4
1.3449E-4
2.5687E-3
3.8368E-5
2.3223E-4
2.2561E-4
1.2649E-4
2.8577E-4
-1.2530E-5
2.4192E-4
5.8649E-5
2.0579E-4
1.1832E-4
1.3659E-4
-2.0117E-5
-1.8536E-6
1.5126E-4
1.5921E-4
2.3034E-5
1.6939E-4
1.7531E-4
2.2676E-4
6.9280E-5
2.5857E-4
2.8724E-4
2.1541E-4
-6.8782E-5
1.3834E-4
2.6628E-4
1.2741E-5
3.1303E-4
2.4427E-4
2.0108E-4
2.3066E-4
3.0835E-4
1.4764E-4
8.4724E-5
-5.8996E-5
1.3560E-4
-6.6040E-5
1.0661E-4
-6.6567E-5
1.7136E-6
1.4275E-4
1.8147E-4
-4.3222E-5
1.4816E-4
2.9125E-4
2.1673E-4
1.2361E-4
-4.2647E-5
3.1484E-4
2.2617E-4
1.7913E-4
1.8744E-4
-7.4438E-5
-8.8707E-5
-4.8401E-5
2.8724E-3
-4.7423E-5
1.7901E-4
3.4655E-5
5.1224E-5
1.2107E-4
2.0826E-4
4.1616E-5
-4.9974E-5
-1.3324E-4
7.8556E-5
9.6203E-5
3.0974E-3
-1.4149E-4
2.3662E-5
1.2924E-4
8.8378E-5
9.5463E-5
-8.4243E-5
1.0048E-5
1.5636E-4
1.9580E-4
1.0352E-4
1.8389E-4
1.7516E-4
2.1869E-4
1.8042E-4
1.2933E-5
3.2573E-3
-6.8887E-5
1.6319E-4
1.5119E-4
-5.0449E-6
2.1266E-4
1.7295E-4
1.4147E-4
1.4989E-4
1.2530E-4
1.6666E-4
-2.6454E-5
1.7494E-4
9.3760E-5
1.0598E-5
8.0206E-5
1.7611E-4
2.0562E-4
1.4034E-4
1.5947E-4
1.9131E-4
2.4589E-4
-3.1525E-5
-1.0360E-4
7.9677E-5
2.3013E-4
7.1191E-5
1.6008E-4
1.3896E-4
-6.8036E-5
1.2410E-4
1.9929E-4
2.2591E-4
-3.4145E-5
2.6071E-4
-5.9183E-5
1.8696E-4
3.0538E-5
2.6189E-4
1.2341E-4
1.9271E-4
1.9604E-4
2.6706E-4
-6.7698E-5
5.0454E-5
1.1235E-4
1.6043E-4
4.1157E-5
1.1357E-4
1.5528E-5
2.6508E-4
4.0186E-5
-4.4192E-5
-2.3451E-5
1.6852E-4
1.2744E-4
2.1546E-4
2.5071E-5
1.8988E-4
1.5676E-4
-9.5185E-5
2.2040E-4
1.7830E-4
-8.3586E-5
6.1935E-5
-1.7764E-4
7.4828E-5
1.2134E-4
2.1186E-4
2.1407E-4
1.0920E-4
5.1943E-5
1.8796E-4
3.5873E-4
-4.0922E-5
-2.9816E-5
1.9570E-4
-1.9086E-5
-5.0220E-5
1.9383E-4
1.1568E-4
6.2496E-5
1.5055E-4
-4.7605E-5
2.1930E-4
2.3762E-4
-8.8440E-5
1.8237E-4
1.4890E-4
2.1022E-4
-3.3783E-5
2.5473E-4
2.0779E-4
-2.2514E-5
2.0544E-4
2.4200E-4
4.4596E-6
2.4056E-4
1.3254E-4
-2.6112E-6
1.3293E-4
1.3546E-4
1.6741E-4
9.1501E-5
8.0887E-5
-6.6001E-6
1.2287E-4
1.2792E-4
2.0910E-4
-2.1343E-5
8.8977E-5
1.9586E-5
4.9907E-5
1.0002E-4
1.1356E-4
1.1741E-4
2.5886E-3
2.4305E-3
5.0679E-5
-8.6497E-5
2.0812E-4
2.0360E-4
1.6679E-4
-4.4336E-5
1.1696E-4
2.3958E-4
1.5735E-4
1.8807E-4
1.9713E-4
5.9489E-6
2.0225E-4
9.9801E-5
-5.2576E-5
8.3290E-5
1.8117E-4
1.3629E-4
1.1410E-4
3.2535E-3
-3.6993E-5
1.1892E-4
2.3361E-5
-5.3064E-5
2.1451E-4
-1.9459E-5
1.9112E-5
1.9755E-4
5.7747E-5
-2.6625E-5
1.0973E-4
-2.3924E-5
6.8790E-5
7.5896E-5
2.4943E-4
1.1818E-4
-1.2757E-4
2.1291E-4
1.7460E-4
2.2678E-4
2.1477E-4
-2.8171E-5
-2.6017E-5
2.4120E-5
1.5925E-4
1.4430E-4
1.6170E-4
1.4272E-4
2.4080E-5
2.3021E-4
2.8899E-4
1.3337E-4
1.8310E-4
1.3140E-4
1.9203E-4
-9.3856E-5
-1.0341E-4
2.5676E-4
1.6848E-4
2.6566E-4
2.9493E-4
1.4251E-4
1.7141E-4
3.0919E-3
1.5595E-4
2.0174E-4
2.1605E-4
2.6548E-4
2.5039E-4
1.6539E-4
9.7850E-5
-6.1110E-6
9.6144E-5
-1.0467E-4
3.7874E-6
3.2375E-3
-1.2267E-4
-2.5277E-7
2.0356E-4
1.7350E-4
-2.6364E-5
7.2040E-5
9.6710E-5
8.3520E-5
-1.3767E-4
2.5908E-4
2.8491E-4
3.2142E-4
3.2116E-4
-2.5184E-5
1.9111E-4
2.2349E-4
8.3365E-6
9.8880E-5
8.3138E-5
1.1703E-4
1.1064E-4
-5.5637E-5
1.9186E-4
2.7387E-4
3.5083E-3
2.3387E-4
1.6718E-4
1.6667E-5
-2.2373E-5
1.6157E-4
7.7426E-5
1.0864E-4
1.1890E-4
1.1158E-4
4.7116E-5
-1.9463E-5
7.9891E-5
2.4661E-4
-3.3081E-5
-1.1538E-5
-3.2513E-5
1.0137E-4
1.1325E-4
9.8647E-5
8.8048E-5
1.7316E-4
1.7915E-4
2.0570E-5
3.5129E-5
9.4492E-5
1.5795E-4
-2.7553E-5
1.3623E-4
2.1377E-4
1.4223E-4
-8.8531E-5
1.5592E-4
2.6669E-4
1.9289E-4
2.2627E-4
1.8062E-4
4.8156E-5
9.4716E-5
1.9362E-4
-7.9782E-5
2.3107E-4
9.8294E-5
2.0492E-4
-2.0923E-5
1.5082E-4
1.3558E-4
2.1129E-4
1.9588E-4
1.0477E-6
4.9029E-5
1.1167E-4
2.1112E-4
1.0806E-4
9.6177E-5
2.0806E-4
1.7233E-4
-1.0185E-5
1.1824E-4
2.6061E-4
-5.3145E-5
2.6017E-5
5.0688E-5
-7.1427E-5
1.1329E-4
1.5256E-4
8.6794E-5
2.3316E-4
-4.7368E-5
-1.7173E-5
-4.9974E-5
2.5736E-4
-7.6315E-5
5.8877E-5
-2.8303E-5
6.2100E-5
5.6676E-5
2.7135E-4
1.6647E-4
2.4227E-4
9.6513E-5
1.6324E-4
3.0227E-3
-1.0954E-4
2.8093E-4
-1.2901E-4
5.5006E-5
1.7604E-4
-4.8724E-5
9.0752E-5
1.7175E-4
4.9560E-6
-4.9977E-5
1.4858E-4
8.4242E-5
1.4139E-4
1.7118E-4
-1.8491E-5
1.8350E-4
7.0040E-5
4.3500E-5
2.3552E-4
1.6346E-4
-1.4993E-5
8.8256E-5
4.8500E-5
3.0178E-5
1.5690E-4
8.4588E-5
3.3726E-4
1.0929E-4
1.5765E-4
-4.8003E-5
4.2605E-5
-1.1057E-4
2.0510E-4
7.3870E-6
7.9603E-5
1.3441E-4
9.1808E-5
2.3283E-4
1.7717E-4
-4.9738E-6
1.6312E-4
8.2584E-5
-1.3922E-4
9.2704E-5
1.4500E-4
3.1248E-5
3.5011E-6
2.0548E-4
1.8889E-4
2.3255E-4
3.5519E-4
2.7425E-4
1.2693E-4
3.3583E-5
1.2260E-4
2.0377E-5
1.1508E-4
2.4263E-5
6.3517E-5
1.1386E-4
4.6114E-5
1.7276E-4
2.7197E-5
-3.0775E-5
-1.2193E-4
2.3840E-4
-1.8412E-4
6.9237E-5
6.0573E-5
-6.0610E-5
-6.2326E-5
1.1630E-4
-7.8006E-5
9.9459E-5
2.0550E-4
1.7499E-4
2.3833E-4
-2.9119E-5
1.8480E-4
2.5188E-3
-1.0708E-4
1.4858E-4
-5.6865E-5
1.5038E-4
-3.5359E-5
1.1523E-4
2.6333E-4
1.5997E-4
1.2332E-4
-2.5269E-5
1.8628E-4
1.1329E-4
1.8695E-4
3.7630E-6
1.2287E-4
1.5509E-4
1.1116E-5
2.0955E-4
-3.3874E-5
4.6799E-5
3.0646E-4
-3.9033E-5
1.5285E-4
-9.9755E-5
4.5850E-5
1.2377E-4
1.0794E-4
1.5528E-5
-3.6941E-5
3.2751E-3
4.6653E-5
1.6658E-4
8.0338E-5
2.8176E-5
8.5414E-5
9.7165E-5
2.4039E-4
9.2142E-5
4.2238E-6
4.1659E-5
-7.4797E-5
5.1194E-5
9.0249E-5
8.6590E-5
1.2231E-4
-1.0884E-5
-2.2980E-4
2.1348E-4
1.8835E-4
-5.0556E-5
2.1289E-4
1.4402E-4
-5.5804E-5
1.2076E-4
2.2574E-4
-4.2336E-5
1.4289E-4
1.9503E-4
5.1674E-5
-2.1401E-4
1.0429E-4
6.0133E-5
1.4849E-4
1.6854E-4
1.2312E-4
5.4871E-5
1.0022E-4
2.1196E-4
1.2033E-4
9.0725E-6
2.9976E-4
5.8617E-5
2.0436E-4
3.1334E-5
8.4804E-5
-1.6497E-4
2.5425E-4
2.7841E-4
1.3823E-4
3.9187E-5
1.5663E-4
5.4313E-5
1.2431E-4
6.4465E-5
8.2540E-5
2.3267E-4
1.4752E-4
-5.1419E-5
1.8487E-4
8.4669E-5
1.4309E-4
-4.5096E-6
1.6073E-4
-1.2642E-4
1.2994E-4
7.4471E-5
-1.9337E-5
-7.8170E-6
-2.0531E-4
2.4103E-4
-2.5518E-5
-1.2981E-4
1.3305E-4
-1.5869E-5
1.0204E-4
8.1963E-5
1.7219E-4
7.4656E-5
3.3177E-5
2.6649E-4
2.8012E-3
7.6400E-5
-3.8853E-5
3.6470E-5
-1.7780E-5
1.5378E-4
9.4077E-5
1.3945E-5
1.1187E-4
2.1050E-4
3.1614E-3
-9.2556E-5
1.1703E-5
9.0913E-5
1.4956E-4
8.9492E-5
-1.7366E-5
1.3089E-4
1.2069E-4
5.9354E-5
1.8006E-4
1.6857E-4
6.6494E-5
1.2524E-4
-1.3392E-4
1.3829E-4
-1.9328E-7
8.5559E-5
3.3391E-3
1.0321E-5
2.5657E-5
8.2325E-6
9.2807E-5
-1.9547E-4
1.5977E-4
2.4885E-4
8.7127E-5
2.0630E-4
3.0853E-4
3.9965E-5
6.1233E-5
3.9066E-5
1.1810E-4
6.4156E-5
2.8869E-4
2.3024E-4
2.5583E-4
1.8080E-4
5.5709E-5
1.4865E-4
6.0489E-5
2.0767E-4
-1.0462E-4
7.0685E-5
1.1624E-4
1.7458E-6
-9.8764E-5
9.3244E-5
2.1775E-4
5.9876E-5
3.8541E-5
3.0102E-5
1.6304E-4
8.8599E-5
1.7407E-4
2.0289E-4
9.5993E-5
3.2634E-3
-8.4432E-6
-1.5784E-4
-6.7713E-5
1.5772E-4
5.7781E-5
5.4907E-5
-1.1292E-4
-2.0551E-4
-1.1331E-4
-5.5701E-5
1.6863E-4
1.6029E-4
8.2289E-5
2.4869E-4
2.7133E-4
1.0017E-4
2.1759E-4
2.2276E-4
9.9039E-5
7.7763E-5
1.1940E-4
6.5225E-6
2.4104E-4
1.6355E-4
2.1790E-4
2.4603E-3
1.0701E-4
-7.6204E-5
6.7268E-5
7.7790E-5
4.6849E-5
5.0865E-5
2.2703E-4
8.2992E-5
1.6713E-4
1.1259E-4
4.3088E-5
1.9130E-4
1.9976E-4
8.5681E-5
1.4027E-5
1.1883E-4
5.7078E-5
3.0931E-3
-4.1258E-5
3.0516E-5
3.9105E-5
2.1300E-4
1.1604E-4
1.3943E-4
-1.0879E-4
-3.8566E-5
4.3049E-5
-8.9416E-4
-3.8408E-4
7.7418E-5
1.2111E-4
1.6142E-4
-8.3506E-5
1.7699E-4
1.0057E-4
1.9464E-4
9.0356E-5
-8.1703E-5
6.5821E-5
-3.0702E-5
1.1632E-4
1.0095E-4
9.8223E-5
-4.2059E-5
-1.6103E-4
1.4194E-4
4.2261E-5
1.1928E-4
1.2296E-5
4.6649E-5
2.7962E-5
-3.5556E-5
4.6534E-5
6.0383E-5
1.9018E-4
1.7818E-5
-2.5163E-5
4.8072E-5
6.7179E-5
1.1731E-4
-5.6717E-6
8.6547E-5
1.0440E-4
3.9511E-5
-1.5774E-5
2.3162E-4
3.2260E-5
-2.8746E-5
1.9152E-4
1.2224E-4
1.4807E-4
5.0662E-5
-8.6845E-5
9.0993E-5
7.7974E-5
7.5782E-5
-1.3831E-4
-5.2731E-5
-3.6687E-5
1.7644E-4
1.7062E-4
2.5790E-4
3.2567E-3
-1.0429E-4
6.5437E-5
4.1390E-5
1.1321E-4
2.2560E-4
4.1697E-5
-6.7703E-5
1.2273E-4
2.2788E-4
1.3244E-5
5.2877E-5
1.5092E-4
1.3913E-4
5.9318E-6
-9.3535E-5
2.6954E-8
1.9675E-4
2.3720E-4
-4.8420E-6
-9.7815E-5
7.1355E-5
1.5053E-5
2.6311E-4
-4.4219E-5
8.8501E-6
2.1975E-4
1.6898E-4
9.7612E-6
1.4045E-4
1.8205E-4
4.2845E-5
8.3076E-5
1.3184E-4
-1.0398E-4
1.7019E-4
1.4774E-4
3.8412E-5
1.3978E-4
2.5679E-4
-4.5494E-5
2.1210E-4
9.1217E-6
2.1453E-4
1.1544E-4
-1.9327E-5
2.6368E-5
-4.4275E-5
-4.9959E-5
-9.8295E-6
-4.3332E-5
6.3424E-5
1.0228E-4
1.5192E-4
1.6307E-5
2.0179E-4
1.4048E-4
2.4246E-4
1.6111E-4
2.5509E-4
-1.2256E-5
9.4022E-5
1.6351E-5
1.5644E-4
-9.4389E-5
1.2327E-4
2.7322E-5
3.2474E-4
5.4784E-5
2.0757E-4
1.9016E-4
-4.2611E-5
-4.9878E-5
