Association signal
8.5928E-5
-1.9511E-4
1.8989E-5
5.4717E-4
8.6350E-5
-6.3679E-5
4.7825E-4
2.3452E-4
8.3153E-5
-7.0944E-5
1.5657E-4
2.2541E-4
1.3222E-4
3.3003E-4
1.8471E-5
3.0344E-4
2.6068E-4
3.0879E-4
2.1330E-4
-7.8883E-5
4.5249E-4
3.3837E-4
-1.4846E-4
2.2029E-5
2.9985E-4
-3.9925E-5
-1.2511E-4
-2.4196E-4
3.2633E-4
8.8579E-5
2.8359E-4
4.8124E-4
-1.8910E-4
1.4284E-5
1.0577E-4
3.4439E-4
2.0878E-4
8.2690E-5
1.2777E-4
2.6679E-4
2.9930E-4
3.0076E-4
3.4959E-4
4.2428E-4
3.2582E-4
1.6018E-4
-1.9486E-4
3.0321E-4
2.1642E-4
3.9094E-3
-3.3496E-4
-1.3517E-4
1.2376E-4
-1.1341E-4
-1.8519E-4
1.0492E-4
7.4240E-5
-3.0717E-4
2.5500E-4
2.6010E-4
5.8322E-5
1.1932E-4
4.4948E-4
-4.9283E-5
1.7593E-4
6.1538E-4
2.7462E-4
-6.6720E-5
1.5227E-4
2.3894E-4
1.4537E-4
1.3971E-4
2.9458E-5
1.4561E-4
-2.4919E-5
1.2616E-4
2.1739E-4
9.8585E-6
-3.9187E-5
-2.0013E-4
1.2473E-4
3.1131E-4
6.1321E-4
3.0529E-4
-6.7142E-5
1.2802E-4
-2.1939E-4
2.1847E-4
3.9854E-4
1.5491E-5
-2.2085E-5
-2.0581E-4
1.1589E-4
-2.1875E-5
-1.2058E-5
2.1291E-4
3.2070E-3
1.9814E-4
2.0611E-4
1.1638E-4
-1.4984E-4
-4.4534E-5
1.9499E-5
-9.0627E-5
3.3083E-4
2.5401E-4
-3.7327E-5
3.0211E-4
-6.0547E-5
1.1769E-4
-1.1737E-4
5.4712E-4
-7.6510E-5
1.1987E-4
6.1026E-5
3.4080E-4
-4.2319E-5
2.6514E-4
2.1161E-4
1.1929E-4
-3.0091E-4
1.3435E-4
2.4180E-4
1.3608E-4
2.4860E-4
1.4451E-4
3.2195E-3
-1.9645E-4
-1.0045E-4
-2.0805E-5
3.0315E-5
-1.2940E-4
9.5421E-6
-2.2506E-6
-9.2808E-5
2.1358E-4
2.0528E-4
1.4032E-4
8.0062E-5
9.9427E-5
1.0767E-4
-7.6768E-5
-8.3884E-5
1.2085E-4
-3.4718E-5
3.2022E-3
-1.4685E-4
-6.1143E-5
3.4614E-4
-7.7365E-5
2.4410E-4
1.5555E-4
1.9684E-4
1.9740E-4
-1.7622E-4
-8.9405E-5
5.9752E-5
3.5977E-4
7.2820E-5
-1.1022E-4
3.9823E-4
4.3078E-5
1.6089E-4
1.9346E-4
1.2985E-4
8.4228E-5
4.1138E-4
1.6503E-4
9.2869E-5
1.8013E-4
1.4363E-4
3.3206E-4
1.0526E-4
2.6669E-4
2.3168E-4
-7.4381E-5
9.4001E-5
4.0475E-4
-1.0795E-5
1.4713E-4
-7.9200E-7
-1.1289E-4
7.5340E-5
3.1926E-4
1.8592E-4
-8.7372E-5
1.4128E-4
-3.9291E-5
2.6128E-4
-9.9882E-5
-1.1312E-4
-1.7327E-4
1.2364E-4
-2.2970E-5
3.3764E-4
1.6997E-4
3.2214E-5
4.0211E-5
2.9404E-4
1.4256E-4
4.5770E-4
1.9531E-4
1.5627E-4
-1.2744E-4
2.5902E-4
2.7348E-4
1.9793E-4
2.3080E-4
1.4884E-4
3.5253E-4
1.5779E-4
1.2222E-4
4.0013E-4
1.1487E-5
-2.0513E-4
2.8536E-4
-2.6995E-5
-2.4964E-4
-9.8740E-6
4.0495E-5
-7.9157E-5
1.7553E-4
3.0369E-4
3.6697E-4
2.1428E-5
1.8809E-4
3.7523E-3
2.4632E-4
1.4406E-4
1.7622E-4
8.6547E-5
8.2854E-5
1.8666E-4
-7.2814E-5
5.3742E-4
3.1723E-4
1.7751E-4
1.6976E-4
3.5668E-5
3.3881E-4
3.2934E-4
2.4438E-4
1.4999E-4
2.3592E-4
2.3259E-4
3.7795E-4
3.3694E-4
-5.1777E-5
1.7783E-4
2.7221E-4
1.0336E-4
-8.2410E-5
3.9214E-4
5.4929E-5
7.8567E-5
1.9273E-4
1.8695E-4
-1.6629E-4
2.9941E-4
1.3782E-4
2.9033E-5
2.7264E-4
2.3421E-4
2.2444E-4
3.7624E-4
2.7018E-4
1.1738E-6
-1.7780E-4
4.9739E-4
4.8923E-5
-1.0642E-4
5.6474E-4
2.8479E-4
3.3464E-5
1.4322E-4
4.1555E-4
-1.7271E-4
-1.2183E-4
3.5572E-4
7.5439E-6
-1.3204E-4
1.7492E-4
2.4654E-4
3.8574E-5
-5.2197E-6
-1.3519E-4
2.4751E-5
2.3606E-4
-8.1919E-5
-1.8454E-4
2.1192E-4
2.4748E-4
4.0973E-4
2.8995E-4
-2.8404E-4
-1.7709E-4
2.3982E-5
3.1333E-5
3.5809E-4
1.1910E-4
1.7143E-4
-1.1605E-4
1.4972E-4
5.2866E-5
2.2316E-4
2.2294E-4
-1.8238E-4
2.4002E-4
-1.6047E-4
-2.5881E-4
7.0713E-4
3.8423E-5
2.6882E-4
-6.5734E-5
4.2848E-5
-1.9170E-5
3.3912E-4
3.3892E-4
-1.5216E-4
2.0071E-4
2.0220E-4
1.9959E-4
1.7263E-4
3.3079E-4
3.7734E-4
-9.9888E-5
-1.2370E-4
4.5733E-4
-7.1044E-5
1.4511E-5
1.1193E-4
1.1790E-4
2.0017E-4
7.9983E-5
-8.0375E-6
2.9183E-4
3.0387E-4
3.6735E-4
1.1648E-4
-7.4900E-5
1.8627E-4
-1.0962E-4
5.1076E-6
-7.3223E-5
2.3341E-4
-5.1870E-6
3.0373E-4
5.0732E-5
-1.0495E-4
1.8773E-4
9.6718E-5
1.2806E-4
1.3128E-4
6.0718E-6
4.7924E-5
-5.0303E-5
5.7634E-5
2.6497E-5
3.1871E-4
1.9612E-5
6.9760E-5
1.8483E-5
1.8481E-3
-3.2208E-4
3.8952E-3
2.2549E-4
2.8570E-4
1.4563E-4
2.5384E-4
2.3953E-4
3.7501E-3
-4.3886E-4
4.3394E-4
3.2253E-4
-3.9482E-4
2.4944E-4
3.8237E-4
2.5577E-4
5.5716E-5
4.2937E-5
4.9075E-4
-1.3870E-4
-1.9587E-4
1.9111E-4
2.2817E-4
2.6052E-4
-2.7032E-4
4.4894E-4
3.3184E-4
2.5343E-4
3.2369E-5
1.6896E-4
1.4370E-4
2.9781E-4
1.5658E-4
1.9616E-4
1.6737E-4
2.9069E-6
1.6689E-4
-1.9138E-4
1.8927E-4
-6.4462E-5
2.3922E-4
2.7863E-4
4.1495E-4
3.9693E-3
1.9236E-6
5.3660E-5
3.2508E-4
1.8146E-4
1.8421E-4
4.5125E-5
3.5294E-5
3.3694E-4
3.8257E-3
1.1410E-4
-8.6119E-5
1.1944E-4
3.1002E-3
4.0701E-4
2.8690E-3
9.2222E-5
1.3596E-4
-1.9862E-4
3.1545E-3
-9.7632E-5
-2.0488E-4
1.2535E-4
2.4212E-4
5.3717E-5
-1.6858E-4
2.1282E-4
5.2372E-4
1.6832E-5
1.0973E-4
3.0888E-4
3.8417E-4
1.2954E-4
-2.3926E-5
1.4430E-4
2.3161E-4
2.5791E-4
-1.5431E-4
5.9267E-5
2.4251E-5
1.1989E-5
-7.0055E-5
8.4779E-5
1.9377E-4
3.0866E-4
3.4701E-4
3.2041E-3
-2.9226E-4
6.4159E-4
1.7537E-4
6.5668E-5
2.5728E-4
8.3563E-5
-1.6383E-4
-9.8655E-5
4.0967E-4
2.1450E-4
-6.7624E-6
-1.3575E-4
2.8126E-4
1.9620E-4
2.7304E-3
3.9153E-4
-8.9568E-5
6.9290E-5
1.9143E-4
1.9283E-4
1.4232E-4
1.5743E-4
3.1593E-4
8.7803E-5
-1.7458E-4
3.5671E-4
9.4011E-5
-8.5200E-5
2.4553E-4
7.6009E-5
3.1567E-5
-1.8041E-4
3.9335E-4
2.3991E-4
1.3070E-4
8.6044E-5
1.4556E-4
3.4060E-4
-2.0629E-4
-5.0786E-5
-1.1339E-4
4.5905E-4
2.7773E-4
2.0854E-4
-8.8278E-6
1.7037E-4
-5.4670E-6
-1.7382E-4
2.2422E-4
-6.2703E-5
3.4567E-3
1.8253E-5
-2.1337E-4
3.3016E-3
2.3919E-4
3.0885E-4
2.7528E-4
1.4089E-4
6.5625E-5
1.4752E-4
-3.5277E-5
-7.8561E-5
2.8327E-4
-1.2998E-4
1.9239E-4
1.8411E-4
9.6027E-4
-1.0059E-4
7.1209E-5
1.2127E-4
-1.1088E-4
3.4258E-3
2.1917E-4
-6.3660E-5
-8.7197E-5
-9.1411E-5
2.4641E-4
1.4819E-4
3.5079E-4
1.6233E-4
1.9284E-4
3.6134E-4
1.1062E-4
1.1392E-4
1.6173E-4
1.3386E-4
5.3928E-6
-1.4340E-4
-1.7390E-5
5.2083E-4
2.1017E-4
-4.2435E-5
2.0483E-4
4.3397E-5
4.2815E-4
2.1958E-4
5.7026E-5
1.9537E-4
3.2591E-4
2.7848E-4
1.0604E-4
1.3666E-4
3.3042E-4
1.3924E-4
2.0700E-4
3.2030E-5
2.2417E-4
2.5454E-4
2.9418E-4
2.6286E-4
7.2718E-5
-1.1533E-4
3.1099E-4
1.7152E-4
2.9160E-5
4.9875E-5
1.2729E-4
8.9821E-6
5.3831E-4
1.0602E-4
-2.3727E-4
2.2652E-4
3.7102E-4
1.2642E-4
3.2477E-4
1.5852E-4
3.0021E-4
2.0398E-4
-1.6472E-4
1.8426E-4
2.8456E-4
-8.1282E-5
-1.3282E-4
-7.3327E-5
3.7790E-3
-7.0829E-5
1.5494E-4
4.8668E-4
-5.3063E-5
-1.2996E-4
-7.5123E-6
2.6769E-4
4.0724E-4
4.6620E-5
4.5474E-5
3.7931E-4
2.1671E-5
4.4933E-5
8.3029E-5
-1.2837E-4
2.2226E-4
3.2754E-4
-6.7381E-5
2.4937E-4
3.7909E-4
3.1424E-4
1.6987E-4
7.7683E-5
-1.5044E-4
-1.8289E-5
-1.3231E-4
1.0910E-4
3.5293E-5
3.4724E-5
1.5055E-4
1.7909E-4
4.8857E-4
6.8049E-5
1.0675E-4
4.4989E-5
3.5701E-5
2.3918E-4
3.1201E-4
-1.8766E-4
3.8555E-4
-2.6011E-5
-1.6650E-4
3.4661E-4
-1.5149E-4
-5.6636E-5
3.1319E-4
1.0473E-4
-8.5557E-5
1.7698E-4
-1.6867E-4
7.1697E-5
1.0596E-4
9.9832E-5
5.1921E-5
2.8804E-4
2.6156E-4
3.4964E-5
8.6196E-5
3.2303E-4
5.2859E-4
3.0598E-4
-6.2909E-5
2.5948E-5
3.8743E-4
-1.6251E-5
3.1457E-4
-2.3803E-4
2.8080E-4
1.3799E-4
-9.5368E-5
3.6098E-5
2.0155E-4
-1.1439E-5
1.6765E-4
3.4961E-4
2.0471E-4
1.8325E-4
3.4624E-4
3.1323E-4
-9.0354E-5
-1.5365E-5
8.1518E-5
3.3360E-4
4.5984E-4
2.1082E-4
1.3040E-4
2.1888E-4
2.0123E-4
4.5194E-4
3.4470E-4
7.6477E-5
-9.9819E-5
-2.1112E-5
-1.4785E-4
2.1277E-4
1.8190E-4
1.9361E-4
3.8644E-4
1.0747E-4
3.3976E-5
8.1575E-5
3.0151E-4
6.7950E-5
3.1559E-4
1.0993E-4
1.4407E-4
1.4237E-4
5.5138E-4
-1.4941E-4
-2.3982E-4
2.4056E-4
4.0944E-4
1.8399E-4
-1.9102E-5
1.6407E-4
1.1650E-4
3.5687E-4
1.3097E-4
4.1216E-5
2.1360E-4
2.4688E-4
2.4889E-4
-1.6878E-4
3.3191E-5
1.1333E-4
-1.2082E-5
2.6259E-4
-6.9117E-5
1.3907E-4
2.9546E-5
-1.5923E-4
-1.7644E-4
-2.2575E-4
-1.1453E-4
3.1063E-4
4.3346E-5
2.4406E-4
3.8947E-3
-2.3794E-4
3.1799E-4
4.9458E-4
2.3216E-4
1.9252E-4
2.7217E-4
3.7764E-4
1.4577E-6
2.9441E-4
1.7828E-5
1.1017E-4
-1.4541E-4
-1.1375E-6
1.8105E-4
6.0911E-5
1.7403E-4
2.0691E-4
1.7152E-4
8.3848E-6
2.5090E-4
-1.5884E-4
4.1264E-4
1.2911E-4
1.3907E-5
-1.6506E-5
4.5419E-4
6.0700E-5
-9.8819E-6
2.4946E-5
2.8010E-4
2.2780E-4
3.3604E-4
1.0920E-4
1.9882E-5
-7.2389E-5
2.5185E-5
2.8974E-4
6.4582E-5
1.7389E-4
-1.2075E-4
-5.7570E-6
1.2614E-4
4.0147E-3
-1.8848E-4
4.1045E-4
1.1706E-4
2.8245E-4
7.4503E-5
2.3886E-4
4.5027E-4
3.0466E-4
2.2320E-4
1.5962E-4
-1.4256E-4
2.6454E-4
1.0939E-4
2.5740E-4
6.2689E-5
4.9091E-5
2.5041E-4
-1.4106E-4
-1.2804E-4
-9.8657E-5
6.1924E-5
2.5775E-4
1.2874E-4
6.0514E-5
1.4056E-4
-9.6068E-5
1.9466E-4
-2.2663E-5
1.3652E-4
8.9851E-5
3.1477E-4
3.9910E-4
-1.0522E-4
-3.1360E-4
2.5622E-4
3.4508E-3
-2.5486E-4
-2.2971E-4
1.4737E-4
2.6474E-4
1.5645E-4
2.2372E-4
4.8113E-5
3.3244E-5
2.2381E-4
3.3275E-4
8.5711E-5
-1.0839E-4
1.3628E-4
3.2235E-4
-5.7758E-5
1.7035E-4
1.5237E-4
8.3060E-5
1.0859E-4
6.9167E-5
-2.1560E-4
1.3352E-4
1.0778E-4
-4.0780E-5
-1.9333E-5
7.5946E-5
1.0207E-4
2.9432E-4
-3.1226E-6
3.3343E-4
9.4435E-5
3.5524E-4
9.5978E-5
-8.3238E-5
2.4516E-4
1.6134E-4
7.7562E-5
6.4463E-5
2.9569E-4
4.9869E-5
5.2078E-6
1.5666E-4
4.7170E-5
-8.2705E-5
1.9640E-4
-1.5184E-4
8.8331E-5
4.8245E-4
7.5760E-5
3.2777E-3
-5.6478E-5
4.1801E-4
1.6724E-4
1.3383E-4
3.5195E-5
2.2099E-4
3.0297E-4
-1.8658E-5
-1.9693E-4
-3.2431E-5
1.2786E-4
3.0745E-4
3.0384E-4
-1.6205E-4
1.4397E-5
2.9742E-4
3.4035E-4
1.0801E-4
1.2911E-4
2.8751E-4
1.8639E-4
1.1984E-6
-1.6623E-4
1.1935E-4
-5.0819E-5
4.0503E-4
-7.0332E-5
1.6298E-4
-8.1051E-5
2.0214E-4
-4.1501E-5
4.9046E-4
-1.1698E-4
3.2847E-3
8.3736E-5
4.9994E-5
-1.6751E-4
5.4770E-4
-3.4914E-5
1.7772E-4
4.2715E-4
1.2868E-4
1.7430E-4
3.2633E-4
9.0794E-5
1.9126E-4
9.3430E-5
8.9807E-5
2.1512E-4
2.2932E-4
1.7659E-4
6.1990E-5
-1.1639E-4
2.6299E-4
1.6520E-4
1.9164E-4
9.7557E-5
-2.2655E-4
1.1999E-4
2.4396E-4
3.5158E-3
-1.7266E-4
4.1348E-5
2.1889E-4
1.5832E-4
2.3763E-4
3.0304E-4
2.8152E-4
1.9435E-4
1.4100E-4
2.2160E-4
2.8071E-4
3.6014E-4
2.0168E-4
1.2395E-4
1.1468E-4
1.0612E-4
-2.3599E-6
1.0212E-5
-7.4712E-5
-2.3049E-5
1.9217E-4
-5.0782E-5
1.8835E-4
-7.4276E-6
1.4564E-4
2.9909E-4
2.4485E-4
2.8402E-5
8.6459E-5
1.8031E-4
-1.6983E-4
3.5168E-4
3.8093E-4
4.8104E-7
2.1395E-4
2.3181E-4
3.0939E-4
-7.3590E-5
1.8787E-5
2.0021E-4
-1.6560E-4
6.9440E-5
2.2423E-4
-2.3140E-4
5.4310E-4
-4.7565E-5
3.8960E-3
-3.4489E-4
1.2055E-4
2.1095E-4
4.1066E-4
2.0051E-5
7.1590E-5
1.0018E-4
2.9150E-4
3.7174E-4
1.6813E-4
2.2626E-4
2.3874E-4
3.3636E-4
-2.5471E-5
8.4144E-5
2.2345E-4
2.2094E-4
5.5898E-4
7.7898E-5
-8.4188E-5
9.8713E-5
2.8013E-4
3.7451E-4
-8.0808E-5
2.4237E-4
3.2691E-4
3.9039E-4
-1.7702E-4
1.4705E-4
-1.9936E-4
1.1288E-4
2.7655E-4
6.1932E-5
1.9632E-4
5.4700E-4
1.1623E-4
-1.6669E-4
4.0033E-4
2.0786E-4
-1.3175E-4
1.3651E-4
1.9390E-4
9.6555E-5
4.4781E-4
3.5506E-4
5.4756E-5
9.5758E-5
1.8765E-4
2.2642E-4
-9.7853E-5
-5.8302E-5
3.8609E-4
3.8800E-4
2.6102E-5
2.0479E-5
3.7282E-4
3.1515E-5
-1.1478E-4
5.1604E-5
-5.5046E-5
4.0903E-4
2.4683E-4
5.8864E-5
2.1552E-5
5.5511E-4
1.0879E-4
-1.2037E-4
-6.8175E-5
2.0848E-4
4.3067E-4
-1.4412E-4
-3.2375E-4
3.7932E-3
-1.0593E-4
1.9279E-4
-7.2975E-5
1.8195E-4
2.0947E-4
-3.3363E-5
-2.0799E-4
4.2205E-4
2.2426E-4
6.4100E-5
2.9564E-4
1.5991E-4
-2.9951E-4
4.0886E-4
3.1050E-4
-9.3877E-5
2.9343E-4
1.1732E-4
-3.4161E-5
-6.9874E-5
1.3233E-4
5.7425E-5
-1.5231E-4
2.1885E-4
1.3460E-4
2.0913E-4
-1.3491E-4
4.0137E-4
-1.8051E-4
2.9284E-4
1.0103E-4
8.3846E-5
1.0169E-4
4.4312E-6
2.0958E-4
4.4489E-4
1.9497E-4
-1.0184E-4
2.2246E-4
5.1728E-5
2.5122E-4
3.6162E-4
3.3267E-5
-1.9928E-4
1.2620E-4
1.7348E-4
-1.5454E-5
-5.4854E-5
2.8041E-5
1.6106E-4
-4.8668E-5
1.2753E-6
-1.3457E-5
1.6253E-4
3.4982E-4
2.0577E-4
1.5907E-4
4.4554E-4
1.2072E-4
1.5561E-4
-1.6970E-5
-5.3252E-5
2.0261E-4
4.9595E-4
-2.4493E-4
1.3478E-4
1.5483E-4
-4.7751E-5
-5.4847E-5
1.1627E-4
-6.1266E-5
-1.8697E-4
9.7032E-5
2.8604E-4
1.5125E-4
-3.5634E-5
3.1620E-4
1.0120E-4
-1.2873E-4
4.9446E-4
3.6077E-4
1.3307E-4
-2.0296E-5
8.7291E-5
2.7293E-6
-3.1755E-5
1.0674E-4
1.7729E-4
4.4303E-4
-7.4615E-5
9.0013E-5
2.2399E-4
3.1784E-4
2.3619E-4
1.4433E-4
-9.8059E-5
6.7936E-5
4.3017E-5
-9.9908E-5
1.6307E-4
3.9036E-4
3.4909E-4
-1.3864E-4
-8.5820E-6
2.0290E-4
2.8889E-4
3.4871E-4
1.0787E-4
1.7228E-4
2.0946E-4
6.2542E-4
-7.8560E-5
3.7394E-4
-3.3021E-5
-6.3614E-5
5.2312E-4
1.6589E-4
-2.0882E-4
5.7026E-4
-3.3244E-5
-1.3820E-4
2.1894E-4
3.0633E-4
5.2599E-6
-1.3989E-4
2.1729E-4
1.4996E-4
-1.7951E-5
-9.9420E-6
-8.8636E-6
-8.9682E-5
1.4909E-4
3.2853E-4
1.8150E-4
-8.5962E-5
3.3943E-3
-3.6625E-5
1.5287E-4
-1.5985E-4
-4.1044E-5
3.6784E-4
-3.1420E-7
4.1810E-5
-1.5566E-4
3.4878E-4
1.8723E-4
7.8845E-6
-1.1625E-4
-5.4060E-5
2.4428E-4
4.3880E-4
5.9456E-7
1.6473E-5
2.2866E-4
2.4440E-4
1.8100E-5
3.1502E-4
3.6765E-5
3.5965E-4
3.1430E-4
1.3685E-4
5.0536E-4
2.8793E-4
-8.5395E-5
6.8989E-6
3.2903E-4
1.6040E-4
2.8324E-4
4.1737E-4
-4.0540E-5
3.0531E-4
2.8708E-4
-1.6413E-4
3.7417E-4
3.3205E-4
-1.5344E-6
1.3238E-4
1.7340E-4
1.9151E-4
1.0918E-4
-8.8960E-5
1.9927E-4
1.6352E-4
1.4012E-4
2.7737E-4
8.8925E-5
1.0590E-4
2.9323E-4
1.7584E-4
1.3838E-4
-1.8278E-4
-2.0782E-4
3.5665E-4
1.5946E-4
1.5360E-4
6.2767E-5
-8.7910E-5
1.8217E-4
3.2825E-4
1.5752E-4
6.4813E-5
-9.9727E-5
2.0260E-5
-1.0816E-4
-2.1159E-5
2.0880E-4
3.4823E-3
-1.1703E-4
-4.8697E-5
3.4555E-3
1.7455E-4
8.8004E-5
2.7006E-5
1.3002E-4
-9.8431E-6
1.0612E-4
-1.9577E-4
-1.6984E-5
1.7571E-4
1.0298E-4
8.7942E-5
1.1933E-4
1.3676E-4
3.5261E-4
-8.7471E-5
-1.3480E-4
3.2219E-4
8.5607E-5
1.0810E-4
1.0746E-6
2.4529E-4
-1.0258E-4
-2.2561E-5
-1.8941E-4
4.9740E-5
6.4205E-6
3.5448E-3
-6.2442E-6
2.9949E-4
1.5230E-4
3.6937E-4
3.7244E-3
-2.6476E-4
-1.6889E-5
1.8590E-4
1.4692E-4
2.7979E-4
-2.3550E-4
7.1419E-5
2.2725E-4
3.6078E-4
1.4952E-4
-1.4784E-4
1.5365E-5
1.0001E-4
1.5542E-5
-1.3695E-5
-3.4405E-5
-3.0545E-5
2.5782E-4
1.1848E-4
1.1712E-4
3.6100E-3
1.3571E-4
3.2976E-4
5.3963E-5
1.7151E-4
1.7106E-4
-2.2201E-6
2.1459E-4
2.7435E-4
-2.6729E-4
2.3849E-4
1.5392E-4
-2.4291E-4
2.2211E-4
4.6793E-4
-1.1866E-4
1.8475E-4
4.3615E-4
1.8507E-4
-2.2843E-4
4.7900E-4
4.2609E-5
-3.1687E-4
7.8032E-5
5.4880E-4
2.1117E-4
5.5517E-5
-9.0453E-5
1.2676E-4
2.6111E-4
2.7029E-5
1.3472E-4
3.5008E-5
2.3340E-4
-9.8780E-5
3.8301E-4
3.1231E-4
2.1546E-4
-3.3068E-5
1.5827E-4
2.7452E-4
3.4506E-4
2.3336E-4
-2.8606E-5
1.5027E-4
9.4258E-5
3.3211E-4
-1.6836E-4
2.6936E-4
2.6394E-5
2.0580E-4
2.0863E-4
5.3319E-5
1.1610E-5
1.0044E-5
2.3456E-4
-9.6371E-6
3.8807E-3
3.1007E-5
1.5134E-4
2.1451E-4
1.9593E-4
1.6860E-4
7.6270E-5
1.3315E-4
1.6364E-4
4.5914E-5
-6.1943E-5
-1.3156E-4
5.5540E-4
4.0387E-3
-3.8633E-4
-3.7324E-5
3.4540E-4
3.0343E-4
-1.5790E-4
4.2487E-5
3.1352E-4
2.0653E-4
1.5432E-4
3.3119E-4
1.1350E-4
2.5223E-4
-1.2183E-4
3.2292E-4
3.2572E-4
-2.0026E-5
-1.4094E-4
1.4224E-4
4.1227E-4
-1.7112E-4
1.3586E-4
1.3218E-4
2.0244E-4
1.8249E-4
-6.3416E-5
-8.0728E-5
-7.2125E-5
4.3206E-4
-1.3206E-5
-1.0578E-4
2.9338E-4
5.3234E-5
3.3476E-4
5.6464E-5
3.1428E-4
2.6230E-4
3.8967E-3
3.0465E-5
-2.1687E-8
4.3517E-5
2.3061E-4
7.3272E-5
1.8251E-5
-4.4793E-5
1.4793E-4
5.4191E-5
2.8451E-4
1.6973E-4
-8.9527E-5
1.3666E-4
1.9889E-4
4.0506E-4
1.9352E-4
-6.7877E-5
8.1473E-5
5.1092E-4
7.1163E-5
-1.9481E-5
1.6415E-4
4.9088E-4
1.2261E-4
-1.3741E-4
3.3740E-4
2.5422E-4
-1.1249E-4
7.4219E-5
6.1270E-5
1.5304E-4
3.2727E-4
2.8645E-4
1.8766E-4
1.4826E-4
1.2234E-4
2.6019E-4
3.4659E-4
3.2399E-4
2.5314E-4
6.3748E-6
1.2565E-5
3.6102E-4
3.5006E-4
-3.1287E-5
1.7311E-4
1.7995E-4
2.4355E-4
2.8397E-4
5.3665E-4
3.1036E-4
3.0996E-6
2.2930E-4
2.3180E-4
8.0592E-5
-1.0036E-4
2.2403E-4
2.9744E-4
1.2141E-4
8.4008E-5
2.7346E-4
1.8769E-4
1.5901E-4
4.7209E-4
1.5679E-4
2.1287E-4
3.1957E-4
2.8047E-5
-3.4396E-4
2.3586E-4
4.0520E-4
8.1199E-5
-1.1065E-4
2.1539E-4
1.9172E-4
1.8556E-4
4.7965E-5
2.4646E-4
1.8482E-5
9.5635E-5
-2.6245E-5
1.3470E-4
-6.9214E-5
2.0800E-4
4.4279E-5
-1.0061E-4
5.5809E-4
2.1026E-4
1.3431E-4
1.5555E-4
2.8882E-4
3.8100E-4
5.8788E-5
3.9478E-3
-4.5175E-5
2.0605E-4
2.1198E-4
5.2765E-5
1.3891E-4
2.9260E-4
3.7529E-4
1.0177E-4
-3.8568E-5
-5.2594E-5
2.6919E-4
1.5066E-4
4.9435E-5
1.9548E-4
1.2732E-4
2.6588E-4
-9.7965E-5
-2.8394E-4
1.7399E-4
9.2498E-5
-2.2578E-4
2.7597E-4
2.7081E-4
6.5330E-5
1.9824E-4
4.7531E-4
1.6934E-4
8.1397E-5
2.2701E-4
1.8064E-4
-7.8973E-5
5.8391E-5
4.2412E-4
3.4264E-4
5.3891E-5
-7.2822E-5
2.5293E-4
2.3690E-4
2.3274E-4
3.8692E-5
3.5726E-5
-3.7534E-5
2.0528E-4
-6.0009E-5
1.2119E-4
7.2474E-5
1.0986E-4
1.2627E-4
9.8218E-5
7.5216E-5
1.1308E-4
-1.8703E-4
8.3667E-5
1.3261E-4
2.5147E-4
1.3337E-5
1.0568E-4
2.8880E-4
4.7552E-4
2.7084E-4
3.0541E-5
1.7511E-4
2.1956E-5
2.0579E-4
1.7900E-4
2.8297E-4
1.5390E-4
-1.5947E-4
3.2164E-4
-1.5481E-4
-1.5161E-4
2.7271E-4
-2.0259E-4
1.3043E-4
2.2428E-4
2.0038E-4
1.2200E-5
2.0470E-4
6.5498E-5
-1.8021E-5
-2.5322E-4
2.5403E-4
2.0006E-4
3.5894E-4
3.3304E-4
4.5928E-4
1.6838E-4
2.1013E-5
1.4114E-4
2.9434E-4
2.7574E-4
-1.6497E-4
1.1250E-4
1.2614E-4
-9.8231E-5
-2.3876E-4
6.0879E-5
7.5411E-5
1.5515E-4
9.0153E-5
9.1318E-5
2.8851E-4
6.0339E-5
-5.1199E-5
-1.8198E-4
2.5463E-4
4.1395E-4
1.1156E-4
-3.9809E-4
3.3887E-4
-8.6292E-5
1.5680E-4
6.4704E-5
1.2941E-4
2.2922E-4
2.7155E-4
-1.5117E-6
2.2632E-4
5.9693E-4
1.8108E-5
8.0436E-5
2.8065E-4
-3.3229E-5
2.6546E-4
3.0090E-4
-3.0057E-6
3.1562E-4
2.8446E-4
-2.1601E-4
9.0682E-5
2.3387E-4
1.7657E-4
3.2168E-4
1.4905E-4
7.9817E-4
8.8779E-5
-2.4853E-4
6.5419E-5
1.7618E-4
1.4821E-4
5.3775E-5
2.2928E-4
4.0654E-4
2.6131E-4
-2.1959E-4
2.0424E-5
2.1957E-4
-7.4723E-5
3.2923E-4
-3.4003E-5
3.5988E-4
6.5139E-5
-9.3183E-6
-7.9722E-5
2.4145E-4
1.1924E-4
6.5097E-5
-1.1492E-4
2.7286E-4
2.5088E-4
-2.1629E-4
4.1217E-5
-2.1856E-5
2.5814E-4
1.5474E-4
1.7639E-4
2.2736E-4
-9.4002E-5
2.3615E-4
-1.3038E-4
2.6861E-5
-9.5963E-6
3.6705E-3
-1.3119E-4
-1.8350E-4
1.2962E-5
4.2105E-4
6.7750E-5
2.4062E-4
5.3706E-4
2.8626E-4
1.1511E-4
3.7183E-4
4.3211E-4
8.2446E-5
2.9612E-5
3.8373E-3
1.1196E-4
3.6852E-5
-1.0047E-4
3.5044E-4
4.1559E-4
-3.3292E-5
1.6432E-4
6.4565E-5
3.7128E-4
4.8666E-6
6.1015E-5
9.0638E-5
3.8129E-4
-8.4829E-5
9.4124E-5
1.5785E-4
8.9939E-5
2.3780E-4
2.2176E-4
-5.2543E-5
1.5754E-4
-1.4004E-4
-8.8871E-6
2.4563E-4
1.2338E-4
2.9179E-4
-1.8781E-4
-1.2377E-4
2.9819E-4
3.3502E-4
2.7985E-4
2.0436E-4
3.2868E-5
-6.2492E-5
2.2372E-4
2.7004E-4
8.7773E-5
2.5999E-4
-1.7356E-5
3.5060E-4
1.3656E-4
1.1801E-4
2.3305E-4
2.1807E-4
-5.2134E-5
2.2730E-4
1.9217E-4
2.1495E-4
1.6174E-4
2.2459E-4
-2.1965E-4
-1.8040E-4
1.8586E-4
1.8331E-4
-1.0946E-5
1.1912E-4
4.0243E-4
9.2013E-5
-3.0922E-4
2.4760E-4
4.2954E-4
-2.1127E-5
-1.0763E-5
-1.6571E-4
7.5763E-6
1.3852E-4
2.4236E-4
1.2152E-4
-1.4960E-4
2.1471E-4
8.7576E-5
1.1898E-4
-4.0363E-5
-1.5622E-5
2.4723E-4
1.3918E-4
2.3513E-4
8.5835E-5
-6.8664E-5
5.1698E-5
3.4097E-5
1.3497E-4
-9.7675E-5
5.4084E-5
1.9807E-4
1.7360E-4
2.9064E-4
2.5931E-4
2.2496E-4
3.2336E-4
2.6456E-6
1.2314E-4
2.4290E-5
2.1136E-4
-4.2382E-5
-3.9932E-5
-1.2294E-4
5.0607E-4
-4.4399E-5
-1.6956E-4
2.4181E-4
2.6849E-4
1.7228E-4
2.1821E-4
1.3267E-4
2.9466E-4
2.5485E-4
-2.0528E-6
-6.2585E-6
8.8518E-5
1.7582E-4
-2.2324E-4
2.7037E-4
3.3443E-4
6.3838E-5
1.0852E-4
2.0018E-4
5.5158E-5
2.4515E-4
1.0717E-4
-1.2016E-4
4.5711E-4
4.4659E-4
1.1475E-4
1.7342E-4
2.6566E-4
2.7759E-4
1.9305E-4
1.4244E-5
3.4129E-4
1.6651E-4
8.1941E-5
-1.2458E-4
6.5952E-4
1.4090E-4
-7.5112E-5
2.0225E-4
1.4838E-4
1.3301E-4
7.5502E-5
1.7313E-4
-4.6229E-5
1.7654E-4
3.8846E-3
-2.5625E-4
-1.1904E-4
2.4182E-4
2.4676E-4
-8.6720E-5
-1.3265E-4
-1.7317E-5
3.5951E-4
1.6461E-4
1.9652E-4
2.4505E-4
2.5354E-4
1.1529E-4
3.1570E-4
1.9539E-4
5.9183E-5
1.1851E-4
1.2922E-4
1.7395E-4
5.3098E-5
9.0130E-5
2.0447E-4
3.8267E-4
5.5766E-5
8.4783E-5
2.2153E-4
4.2833E-3
-2.6675E-4
1.5990E-4
-7.5246E-5
1.1394E-4
2.8391E-4
-2.2546E-4
1.4329E-5
2.3921E-4
1.3968E-6
7.4913E-5
-9.0152E-6
8.9423E-5
4.2303E-5
8.2492E-5
2.2887E-4
2.5183E-4
-1.0033E-4
1.6835E-4
2.0971E-4
-4.5900E-5
3.3622E-4
1.6330E-4
3.3512E-4
-2.8748E-5
-1.3104E-4
2.1299E-4
2.5284E-4
1.0538E-4
1.9734E-6
1.9066E-4
-1.3354E-4
4.8926E-5
1.4422E-4
2.6477E-4
3.2761E-4
4.6119E-4
3.0472E-4
-2.1602E-5
2.7388E-4
1.8206E-4
-1.7913E-4
6.1460E-5
2.5827E-4
1.2558E-4
6.6693E-5
-3.1269E-4
2.1474E-4
1.9488E-4
1.9284E-4
1.1743E-5
7.6508E-5
3.6443E-4
3.3318E-4
9.8610E-5
1.1234E-4
2.6423E-4
1.7328E-4
3.6185E-4
5.3161E-5
-1.7861E-5
6.1011E-4
2.6974E-4
8.4312E-5
-1.0225E-4
7.7094E-5
9.7445E-5
2.4328E-4
-9.1094E-5
2.8003E-4
-5.9858E-6
2.5235E-4
1.0165E-4
2.6827E-4
1.0809E-4
1.9026E-4
2.4052E-4
3.3356E-4
1.6374E-4
2.4740E-4
1.6301E-4
1.3762E-4
1.0032E-4
-1.2069E-5
4.5587E-6
4.6450E-4
-1.1618E-5
1.6178E-5
2.5794E-5
2.9020E-4
1.3326E-4
9.3098E-5
2.5337E-4
2.1067E-4
1.6653E-4
8.0498E-5
2.6637E-4
2.8297E-4
-6.8765E-5
1.0019E-4
2.2986E-4
3.7913E-4
3.0380E-5
1.6149E-5
1.0472E-4
2.1790E-4
1.4561E-4
5.6064E-5
-1.5649E-4
1.5676E-4
1.3581E-4
1.3203E-5
-8.9218E-5
1.3677E-4
3.9216E-4
3.0259E-4
1.4153E-4
-2.8711E-4
2.7281E-4
1.7894E-4
2.9592E-4
7.8474E-6
1.8023E-4
2.4038E-4
9.3011E-5
-1.4799E-6
1.9055E-4
2.4543E-4
4.6198E-4
3.1549E-4
1.5096E-4
2.3193E-4
2.5193E-4
2.1734E-4
-7.1103E-5
2.6763E-4
2.3225E-4
1.2899E-4
-1.0132E-4
-1.4517E-4
2.3346E-4
1.8314E-4
2.4244E-4
-3.6320E-5
2.7062E-4
2.5430E-4
-8.9242E-5
-1.5020E-4
2.3528E-4
4.9264E-4
-4.3903E-5
-6.8453E-5
1.1151E-4
3.7083E-5
3.3214E-4
2.7970E-5
9.8052E-5
2.1124E-4
2.3854E-4
3.3227E-5
1.2396E-4
8.9559E-5
4.2910E-4
1.0161E-4
-1.3360E-4
2.4207E-5
2.6473E-4
3.4558E-4
1.4290E-4
2.9473E-4
2.0943E-4
3.6496E-4
-5.5723E-5
3.9152E-4
1.6299E-4
2.9233E-4
1.6069E-4
2.5373E-4
-1.6605E-5
1.7462E-4
-1.8867E-4
2.7346E-4
7.9149E-5
1.5811E-4
8.9866E-5
2.5705E-4
1.8418E-4
-3.2181E-5
3.0284E-4
1.7418E-4
-1.0867E-4
3.5591E-4
5.6757E-5
-1.5509E-4
6.3064E-5
1.6647E-4
5.5517E-5
3.7774E-4
2.5665E-4
1.8727E-4
8.8438E-5
3.0260E-4
1.5519E-5
2.9384E-4
2.9547E-4
3.7563E-3
2.4678E-4
5.7542E-5
-8.1401E-5
1.8735E-4
3.1879E-4
3.9309E-4
1.6719E-5
3.3276E-5
1.7511E-4
4.2528E-4
3.4548E-4
1.9724E-5
3.5903E-3
3.8000E-3
2.0912E-4
3.2352E-5
2.5351E-4
9.0254E-6
7.5580E-5
5.0822E-5
3.7207E-3
-1.4545E-4
-7.3713E-5
1.6571E-4
-1.3957E-4
8.5943E-5
1.8721E-4
2.4465E-4
1.3626E-4
1.1107E-4
2.5030E-5
2.0948E-5
-9.1706E-5
2.3105E-5
3.1135E-5
1.7598E-4
2.8330E-4
1.9338E-4
1.3092E-4
2.0321E-4
-9.1078E-5
-3.7623E-5
-4.7142E-5
3.0586E-4
-1.1011E-4
-8.3067E-5
1.8042E-4
1.1266E-4
2.6040E-4
1.9118E-4
2.4689E-5
9.1792E-5
-2.4399E-5
4.6919E-4
1.8007E-4
-6.3580E-5
-2.8624E-5
3.3750E-4
1.7366E-4
-2.9072E-4
-1.1388E-5
3.0298E-4
3.7337E-4
3.3539E-4
4.3437E-5
4.2305E-4
2.0941E-4
2.8657E-4
1.0113E-4
1.2665E-4
1.0260E-4
1.8843E-4
3.6129E-5
9.6792E-5
1.1110E-4
-1.1517E-4
4.7130E-5
-2.6275E-6
1.6268E-4
1.5399E-4
2.7187E-4
2.3781E-4
-2.3292E-4
1.1361E-4
-9.0414E-5
2.1069E-4
2.0891E-4
3.5383E-4
2.5681E-4
6.2305E-5
9.2359E-5
3.9039E-4
-8.0917E-5
-8.5460E-6
1.4187E-5
3.4671E-5
2.2943E-4
1.1762E-4
2.2200E-4
-6.1580E-5
1.7461E-4
1.8554E-4
4.1313E-3
1.1324E-4
2.0106E-4
3.4994E-4
3.2886E-4
-1.3440E-4
1.2894E-4
1.5039E-4
3.1133E-4
-1.9511E-5
4.3124E-5
-1.2436E-4
-2.3044E-5
2.1253E-4
-8.1539E-5
3.8079E-5
2.4506E-4
-4.8500E-5
2.6968E-4
-2.1642E-4
-8.0494E-5
-4.4490E-5
-4.9923E-5
2.6060E-4
1.6865E-4
2.1843E-4
-3.9718E-5
-1.0035E-4
2.8996E-4
4.1457E-5
-7.0371E-5
-3.3848E-5
5.5990E-5
6.1571E-5
1.4927E-4
-1.3183E-4
1.5338E-4
-2.9344E-5
3.3948E-4
1.1035E-4
1.6682E-4
3.3905E-4
3.9345E-4
-3.9179E-5
1.1913E-4
6.5047E-5
-2.4550E-5
-6.9668E-5
-3.8746E-5
-1.6564E-5
1.8027E-4
1.5050E-4
-3.0575E-5
4.1609E-3
6.8571E-5
4.0117E-3
1.1478E-4
4.1156E-3
-1.8968E-4
2.3381E-5
1.8165E-4
-9.1829E-6
-4.5534E-5
-1.2556E-5
6.3524E-5
3.3423E-5
1.7793E-5
2.5646E-5
2.6867E-4
-1.3477E-4
-5.3427E-5
-4.7308E-5
-8.3436E-5
-1.4421E-4
-1.3136E-4
-6.8535E-5
1.5089E-4
-2.6274E-5
1.4984E-4
1.1138E-4
2.2534E-4
2.5432E-4
-1.9225E-4
2.8832E-4
-6.1536E-7
-1.8844E-5
-5.1929E-5
-6.9464E-5
3.1867E-5
-8.3959E-5
2.5020E-4
9.6804E-5
-2.1508E-4
2.2917E-4
1.6356E-4
3.7603E-5
9.2544E-5
-6.2837E-5
8.6663E-5
-6.6834E-5
-8.0103E-5
2.0981E-4
2.6086E-4
3.3298E-5
3.3617E-3
2.9525E-5
1.4550E-4
2.9221E-4
9.1235E-5
2.2240E-4
1.1971E-4
-1.9568E-6
-1.1353E-5
-2.8336E-6
3.6387E-4
1.9713E-4
3.3887E-3
4.4000E-5
4.9266E-5
1.9093E-4
1.6905E-4
-2.6023E-5
-1.5624E-4
-5.1142E-5
-1.5482E-4
-3.7446E-5
-8.0844E-5
1.8136E-4
9.3505E-5
2.2481E-4
3.5393E-4
-1.0789E-4
-6.1852E-5
4.1288E-4
1.5426E-4
-2.3529E-4
-6.0555E-5
2.3823E-4
1.6502E-5
-9.6632E-6
3.6218E-4
1.4813E-4
2.5012E-4
3.7363E-4
7.6473E-5
4.2483E-5
1.9235E-4
2.2432E-4
8.3764E-6
-7.8901E-5
6.8028E-5
1.3257E-4
-1.2002E-5
4.1466E-5
-6.2785E-5
3.2656E-4
2.5270E-4
-4.2341E-5
4.4094E-5
2.8680E-4
1.0186E-4
-1.1912E-4
-9.9662E-5
3.1792E-4
4.4497E-4
2.1015E-4
4.1167E-5
-1.6547E-4
-6.8014E-5
1.6028E-4
1.4439E-4
-8.2461E-5
1.2896E-4
2.3572E-5
-5.1005E-5
-1.2567E-4
-1.5335E-4
1.5576E-4
2.3608E-5
-1.0542E-4
2.6291E-4
2.5354E-4
1.3037E-4
2.6957E-4
-3.5492E-5
2.8743E-4
1.8392E-4
3.1343E-4
2.3719E-4
7.3788E-5
-1.6473E-4
2.3856E-4
3.7526E-3
-2.2779E-4
2.4099E-5
3.6268E-4
5.1943E-5
-3.8913E-5
7.2884E-5
2.1188E-4
3.4547E-4
5.4239E-5
1.9850E-4
7.2506E-5
5.9723E-5
-7.9492E-5
3.5689E-5
1.7621E-4
8.2565E-5
-7.6352E-5
6.7154E-5
2.2904E-4
1.7231E-4
1.3454E-4
-1.5927E-5
-4.7350E-5
1.8600E-4
7.1418E-4
1.8876E-4
2.2878E-4
-1.0848E-4
4.0640E-6
2.9458E-5
-1.6918E-4
-2.0277E-4
2.7905E-4
2.6133E-4
1.6647E-4
3.6519E-4
2.3687E-4
2.1609E-4
-3.4405E-5
5.3872E-5
2.6922E-4
1.6995E-4
8.7154E-5
1.4462E-4
-1.1180E-4
-2.9952E-5
3.0452E-4
4.5742E-5
4.0312E-5
9.0438E-5
1.5956E-4
2.6799E-4
5.9805E-4
-1.6476E-4
-1.8897E-4
2.9915E-4
2.5877E-4
7.8446E-5
1.7545E-4
2.8408E-4
3.0737E-4
-1.3666E-4
-9.6131E-5
1.6822E-4
-4.4046E-5
1.4475E-4
-8.5786E-5
1.0809E-4
7.1212E-5
1.6153E-5
-6.2615E-6
-1.5155E-5
4.6222E-4
-1.6358E-4
-6.8303E-5
1.3252E-4
4.2780E-4
1.1731E-4
1.9728E-5
1.7261E-4
3.0296E-4
1.6695E-4
1.8156E-4
1.0056E-4
-1.6298E-4
4.2300E-3
1.8968E-4
3.6636E-5
2.1277E-4
-4.0122E-5
1.8135E-4
6.6812E-5
2.1469E-4
1.2114E-4
1.9581E-4
2.8199E-4
-7.0146E-6
1.5510E-4
-3.2976E-6
-1.4399E-4
7.9622E-5
3.3941E-4
-2.5466E-4
1.1971E-4
1.5212E-4
9.3962E-5
4.0124E-5
-5.7614E-5
1.7411E-4
2.7747E-4
1.4639E-4
4.1368E-4
2.5969E-4
-5.0387E-6
1.4553E-4
4.5966E-4
4.3083E-4
-5.1900E-5
-1.9299E-4
-3.1309E-5
4.8162E-4
-4.3258E-5
-1.5884E-4
2.5381E-4
3.3970E-4
3.7761E-4
1.1077E-4
-7.9946E-5
3.7487E-4
3.6582E-4
-4.9775E-5
-1.9829E-4
1.0388E-4
-1.2527E-6
3.0232E-4
-5.5511E-6
1.3130E-4
4.7609E-5
2.5453E-4
2.5187E-5
2.8359E-4
-4.7910E-5
2.0500E-4
-1.0935E-5
9.1113E-5
3.4085E-4
-9.2992E-5
3.9848E-3
2.1168E-4
2.1562E-4
2.1009E-4
1.0492E-4
-1.5636E-4
-6.0660E-5
3.3258E-4
-1.0158E-4
2.0535E-4
4.1574E-4
2.2913E-4
9.2924E-5
2.0563E-4
2.5094E-4
1.5314E-4
1.3875E-4
8.9731E-5
3.8774E-4
1.2244E-5
9.7210E-6
1.1122E-4
4.5282E-4
5.9467E-4
-6.7847E-5
4.1880E-3
2.8683E-4
1.1624E-6
2.8500E-4
8.5199E-5
1.2556E-4
6.2908E-5
-7.1905E-5
-1.9872E-4
-4.2648E-5
1.8962E-4
2.0427E-4
-6.4141E-5
-8.1430E-5
9.1047E-5
3.7564E-4
-2.0517E-5
-5.6430E-5
-3.9513E-5
-1.1678E-4
1.7508E-4
1.3787E-4
3.9297E-4
1.7160E-4
-3.6287E-5
8.2633E-6
1.5738E-4
1.4737E-4
5.6738E-5
4.6623E-5
2.1045E-4
1.4362E-4
-1.0228E-4
1.2012E-4
1.0069E-4
1.1277E-4
-1.3616E-5
4.0244E-5
1.2222E-4
2.0559E-4
-1.4405E-5
1.6480E-4
7.3878E-4
1.8233E-4
1.2522E-4
3.3735E-4
5.0035E-4
-1.6106E-4
-7.8323E-5
2.4500E-4
3.9495E-4
-6.7536E-5
3.2723E-5
2.3475E-4
1.5257E-4
2.0212E-4
2.7021E-5
2.2849E-4
3.3300E-4
2.9026E-4
-1.1345E-4
-7.4921E-5
3.1928E-5
1.1758E-4
1.8199E-4
-1.0189E-4
-7.7979E-5
5.7194E-4
1.2571E-4
-1.2596E-4
2.4993E-4
1.5516E-4
3.4359E-5
2.2710E-4
3.3132E-4
1.5964E-5
-9.0259E-5
3.2728E-4
-1.2936E-4
1.0946E-4
4.0228E-4
2.2855E-4
1.9461E-4
2.9480E-4
3.5521E-4
5.7611E-5
-7.6956E-5
3.0153E-4
4.6455E-5
1.3214E-4
5.4690E-5
4.4138E-4
1.2573E-4
-9.1290E-5
1.4090E-4
1.8163E-4
8.9767E-5
3.5254E-3
2.2519E-4
3.6531E-3
-1.2987E-4
-2.0096E-5
1.8727E-4
3.8531E-5
-1.7479E-4
2.2135E-4
2.9713E-4
4.2737E-4
3.5497E-5
1.5956E-4
2.8067E-4
4.1901E-4
2.5775E-4
4.6407E-5
-9.7440E-5
3.5776E-4
1.5959E-4
1.9017E-4
4.9454E-5
5.0913E-4
3.7040E-4
-1.2341E-4
3.5395E-3
1.0748E-4
2.3316E-4
7.5892E-5
1.5023E-4
-4.1270E-5
1.3582E-5
1.1138E-4
4.0140E-4
-3.1013E-5
8.7547E-5
1.7460E-4
1.8719E-4
5.1576E-5
3.6784E-4
2.0945E-4
-3.7946E-5
3.1129E-4
8.3902E-5
3.5734E-3
-3.2761E-4
1.0310E-4
2.5532E-4
2.9140E-5
2.6699E-4
-3.1931E-6
3.1947E-4
-1.8607E-5
3.6862E-4
3.8562E-4
1.8609E-4
6.0564E-5
1.3091E-4
4.2260E-4
4.4509E-4
-7.2224E-6
-7.3258E-5
6.7529E-5
4.3873E-4
-6.5144E-5
-1.3217E-4
2.6282E-4
1.3280E-4
7.9873E-5
1.0453E-4
1.9134E-4
1.5236E-4
1.0192E-4
-4.1405E-5
1.7538E-4
1.5779E-4
4.0718E-4
-8.9047E-5
1.4970E-4
1.6138E-4
1.4280E-4
-2.4984E-5
3.5841E-4
1.3014E-4
-8.2207E-5
4.7550E-5
2.3971E-5
3.0256E-6
1.8868E-5
4.1390E-4
-1.1105E-4
3.6827E-4
3.1373E-4
2.1327E-4
1.5631E-4
5.3455E-5
3.6469E-4
1.6444E-4
2.8243E-4
4.4333E-4
2.1664E-4
2.3471E-4
3.1132E-4
3.1512E-4
-1.5115E-4
1.7424E-4
-7.2953E-5
1.2514E-4
5.0712E-4
-1.7941E-4
1.1317E-5
2.8628E-4
3.7474E-3
-3.4986E-4
1.4561E-4
2.6445E-4
2.6726E-4
2.8596E-4
3.7804E-3
1.0284E-4
1.0535E-4
-3.5687E-5
-2.6589E-5
-1.7557E-4
3.2637E-4
4.4145E-5
1.8696E-4
2.2415E-4
2.1734E-4
2.3883E-4
1.0995E-4
1.8150E-4
1.1494E-4
2.1545E-4
2.3696E-4
1.2100E-4
1.7930E-4
-3.9646E-5
3.9131E-4
-1.4207E-5
2.8605E-5
3.4401E-5
2.5688E-5
6.1045E-5
1.7019E-4
1.4890E-4
-1.8437E-4
4.5321E-4
2.6834E-5
1.2029E-4
1.1047E-5
1.5151E-4
1.9014E-4
-1.5621E-4
3.8268E-3
-4.7024E-5
1.2651E-4
4.1201E-5
-2.0954E-4
4.4775E-4
4.1311E-4
1.8139E-4
1.8634E-4
-1.3535E-6
1.8330E-4
2.2825E-4
8.8469E-5
3.8832E-5
2.5096E-4
8.5154E-5
4.1148E-4
1.2049E-4
2.8926E-4
-8.6367E-6
2.1760E-4
2.4812E-5
-4.3257E-5
4.6357E-4
-2.9181E-5
5.4747E-5
2.3564E-4
2.1490E-4
3.2733E-4
-2.0265E-5
1.1243E-4
1.4015E-4
2.4593E-4
-2.0737E-6
1.3090E-5
1.7190E-4
1.1604E-4
3.9175E-3
-1.6011E-4
1.6948E-4
3.5599E-4
-4.1714E-5
-1.3224E-4
2.0874E-4
2.3138E-4
1.1121E-4
6.9733E-5
2.7540E-4
-6.3650E-5
-1.0021E-4
-6.3121E-5
-5.8996E-6
1.7998E-4
9.0422E-5
2.6648E-4
4.0817E-4
-5.4339E-6
1.0401E-4
2.1623E-4
-4.1854E-5
1.3159E-4
2.2855E-4
1.3629E-4
1.9533E-4
2.3382E-4
-8.0646E-4
-3.0658E-4
-2.4204E-7
1.4168E-4
3.3006E-5
4.2034E-5
3.3331E-4
2.4224E-4
1.8101E-4
3.0957E-4
3.1809E-4
2.6232E-4
2.0307E-4
2.0746E-4
1.6165E-5
3.4986E-4
2.2187E-4
1.2198E-4
1.5699E-4
2.4130E-5
2.6075E-4
2.8751E-4
7.9390E-5
3.8695E-3
1.2526E-4
4.1801E-4
-2.2798E-5
1.9917E-4
3.0391E-4
1.3565E-4
1.8689E-4
8.5507E-5
1.9874E-4
-2.1973E-4
1.3113E-4
2.3660E-4
2.0161E-4
-1.1947E-4
-5.4721E-5
2.4959E-4
1.4796E-4
4.0166E-3
-7.2836E-5
2.5616E-4
1.1975E-4
-3.3102E-5
4.1567E-3
1.5088E-4
1.1089E-4
-2.1344E-4
1.2177E-4
-4.4943E-5
2.0952E-5
-5.2300E-5
1.3290E-4
3.8904E-4
8.4072E-5
1.7744E-4
3.1502E-4
2.4113E-4
2.8271E-4
-1.1429E-4
2.5599E-5
-3.9821E-5
1.7490E-4
2.4165E-4
2.7920E-4
1.7720E-4
9.6416E-5
3.8035E-3
-1.7951E-5
1.6775E-4
2.1895E-4
6.2287E-5
-3.1940E-5
4.1743E-4
8.9475E-5
2.3219E-4
-1.0518E-4
2.4325E-4
1.2365E-4
3.5422E-4
6.3011E-5
8.6949E-5
1.1346E-4
2.4812E-4
-3.0432E-5
1.6217E-4
1.9248E-4
5.7901E-5
2.0228E-4
2.6557E-4
3.5963E-4
3.2264E-5
2.6619E-4
6.9902E-4
2.3048E-4
1.4685E-4
-1.3059E-4
2.0693E-4
4.4888E-4
1.6692E-4
-1.2021E-4
2.5863E-4
2.8162E-4
-4.9649E-5
2.6447E-5
2.1061E-4
1.8409E-4
-1.1219E-4
1.6851E-4
1.2531E-4
9.5124E-5
-1.8049E-4
-7.9835E-5
5.6237E-5
2.8618E-4
7.9637E-5
-2.2036E-4
-2.7969E-5
7.9696E-5
9.1631E-5
2.1252E-4
7.5371E-7
-9.5822E-5
-1.1444E-4
2.8034E-5
7.9006E-5
9.4210E-5
5.0336E-4
5.8774E-6
1.1352E-4
2.8402E-4
2.5240E-4
-4.0747E-5
-8.6890E-5
3.2553E-4
9.5084E-5
2.4043E-4
2.3928E-4
-7.5288E-5
1.4588E-4
-1.0775E-4
2.4303E-4
2.6937E-4
1.1812E-4
9.7325E-5
1.9957E-4
9.1270E-5
-3.6263E-5
2.5078E-4
1.0601E-4
3.2331E-6
8.4973E-5
2.0523E-4
9.1477E-5
1.8814E-4
7.4181E-6
9.2568E-5
1.2478E-4
-2.6329E-5
5.4895E-5
3.1277E-5
2.4757E-4
2.0948E-4
2.5062E-4
1.4856E-4
4.3785E-4
1.6199E-4
1.5033E-4
1.9706E-4
-3.4814E-5
2.1877E-4
1.4153E-5
1.5264E-4
2.7596E-4
1.7252E-4
2.5763E-4
1.2126E-4
3.6772E-3
6.5731E-5
6.2981E-5
1.6974E-4
2.7865E-4
2.3395E-4
2.6840E-4
2.4427E-4
3.0570E-4
1.5199E-4
1.3132E-4
2.9201E-4
-1.0619E-5
-5.3916E-5
1.5496E-4
2.6022E-4
6.7885E-5
2.7929E-4
5.4763E-5
-1.2268E-4
2.7172E-4
-1.0893E-4
-2.0563E-6
3.7450E-3
-1.9160E-4
-1.5541E-4
3.2521E-4
3.7432E-3
-2.7219E-4
1.3443E-4
1.5504E-4
2.1872E-4
8.1275E-5
1.2922E-4
1.0259E-5
1.3169E-4
1.5324E-4
2.7962E-4
2.3181E-4
-1.6342E-5
-5.0443E-5
2.3744E-4
-4.5073E-5
1.4364E-4
3.6360E-4
-9.8565E-5
1.0120E-4
-1.4433E-4
2.8246E-4
3.6911E-3
2.2256E-5
6.4807E-5
2.6450E-4
1.4406E-5
7.1756E-5
5.3648E-4
1.9833E-5
-1.6234E-4
-6.6846E-5
9.1915E-5
3.3830E-4
3.7930E-3
1.1209E-4
1.5544E-4
6.6383E-4
1.8325E-4
6.6257E-5
2.8486E-4
4.4784E-5
1.4423E-4
2.1295E-4
4.6397E-4
2.2008E-4
9.7103E-5
1.6643E-4
1.5214E-4
3.7170E-4
2.0928E-4
1.7209E-4
3.1482E-5
2.3258E-5
2.3302E-4
5.7555E-5
-8.7133E-5
-3.7463E-6
5.0205E-5
1.7045E-5
6.7749E-5
1.4226E-4
4.5243E-4
7.8194E-5
9.6694E-5
-3.8931E-6
1.4079E-4
4.5321E-4
4.4425E-4
-8.5797E-5
3.1376E-4
1.7964E-4
2.8449E-4
2.5466E-4
7.8537E-5
-7.8607E-5
2.6534E-4
6.7886E-5
6.1757E-5
-3.8759E-5
1.4699E-4
8.2162E-5
1.5132E-4
1.5967E-5
-5.1825E-5
1.4502E-4
2.8116E-4
8.6241E-5
2.2548E-4
-1.5568E-6
-4.4041E-5
-7.5772E-5
4.4505E-5
1.2499E-4
-2.3820E-5
1.3426E-4
2.3049E-4
2.0466E-4
1.8389E-4
3.0309E-4
9.4484E-6
1.7478E-4
2.9409E-4
2.2418E-4
1.0888E-4
-4.3114E-5
3.4625E-4
7.7864E-5
8.6384E-5
1.3636E-4
-1.3929E-5
4.2161E-4
3.0382E-4
-1.3131E-4
1.4725E-4
1.6883E-4
2.3528E-4
2.1994E-4
-5.1893E-5
8.3058E-5
3.3592E-4
1.2245E-4
2.3847E-4
2.9560E-4
2.1777E-4
-8.1470E-5
1.5814E-4
1.5038E-4
-6.0686E-6
3.8821E-5
1.9661E-4
2.0219E-5
2.2324E-5
2.3814E-4
3.4802E-4
1.8296E-4
-2.7524E-5
-9.3672E-5
1.6220E-4
3.4698E-4
1.2503E-4
-5.9980E-5
4.0549E-3
2.2977E-4
3.3621E-4
1.7113E-4
2.3913E-4
9.8846E-5
4.0996E-3
1.5740E-5
3.0993E-4
-6.3596E-6
-1.5168E-4
-1.6870E-4
5.0475E-5
-3.5764E-5
5.8467E-6
-2.8289E-5
2.3424E-4
1.2668E-5
2.3663E-4
4.1502E-5
9.3769E-5
8.0326E-5
3.5139E-4
9.6519E-5
1.0006E-4
1.7313E-4
2.3786E-4
2.8074E-5
2.6343E-5
1.3153E-4
2.0051E-4
3.2044E-4
-9.0854E-5
-4.0327E-5
-4.2517E-5
-1.1519E-4
1.4438E-4
1.8176E-4
1.2312E-4
9.3793E-5
3.5817E-4
2.5038E-4
2.8228E-5
1.5182E-4
4.6527E-4
6.6442E-7
2.6835E-4
-5.8056E-5
-2.0370E-4
1.8927E-4
2.8620E-4
1.1260E-4
-2.1656E-4
8.1794E-5
7.6775E-5
4.1689E-3
-5.1592E-5
2.0362E-4
1.4154E-4
-4.3250E-4
-8.4452E-4
2.4699E-4
2.1719E-4
-3.0214E-6
1.8241E-4
1.8384E-4
1.7046E-4
1.6636E-4
-7.6496E-5
2.0974E-4
1.5507E-4
-9.8247E-6
5.3353E-4
1.1926E-4
9.5894E-5
1.2379E-4
3.4176E-5
2.8470E-4
1.6875E-5
-4.0316E-5
1.8691E-4
1.2380E-4
-2.5104E-6
-1.6137E-4
-3.5551E-5
-2.9297E-5
-7.7513E-5
1.0942E-4
1.4089E-4
2.3374E-4
4.3242E-6
1.5159E-4
1.0687E-4
3.5357E-4
1.7008E-4
-1.6426E-4
-1.6896E-6
4.0628E-3
-3.8383E-4
3.2806E-4
2.0823E-4
4.8512E-5
1.8900E-4
-2.9656E-6
1.0995E-4
-1.0884E-4
2.8254E-4
1.4537E-4
1.9754E-4
2.7824E-5
1.0885E-4
1.7316E-4
2.9085E-4
1.9357E-4
2.3890E-4
3.5117E-4
3.7391E-4
8.0314E-5
3.6740E-4
3.8245E-4
3.6008E-4
-2.1526E-5
1.5888E-4
-8.0271E-6
2.9077E-4
2.0127E-4
-1.0426E-4
2.5938E-4
3.2342E-4
2.9377E-4
7.4384E-5
9.5479E-5
-5.7170E-5
2.6278E-4
1.1320E-4
2.3635E-4
-9.9990E-5
1.8482E-4
-4.6927E-5
2.3253E-4
1.2799E-4
2.1494E-4
4.8000E-5
-1.0735E-5
-1.0772E-4
3.2372E-5
3.4301E-4
3.4674E-5
-1.2348E-4
2.3135E-5
1.2176E-4
2.3440E-4
1.9842E-5
4.0427E-5
-1.6260E-4
4.1905E-4
1.9343E-4
1.2536E-4
3.5234E-5
8.9800E-5
4.6847E-5
-6.0066E-5
1.2257E-6
3.9320E-4
2.8926E-4
6.5278E-5
1.0862E-4
3.8326E-4
1.4033E-5
-3.3597E-5
-2.3552E-5
2.2658E-4
1.3524E-4
4.1984E-5
-1.5007E-4
-3.6680E-5
1.0686E-4
4.0845E-4
1.8860E-4
2.2139E-4
2.9324E-4
4.6912E-5
1.5974E-4
2.0033E-4
-1.2496E-4
3.6839E-4
4.3979E-4
3.1366E-4
-5.8993E-5
2.6329E-4
1.5688E-4
8.8545E-5
2.2218E-4
1.8962E-4
1.0729E-4
5.1270E-5
1.6332E-4
3.8267E-5
1.7145E-5
1.0279E-4
-8.9278E-5
-3.1111E-5
2.9903E-4
2.4162E-4
-6.9531E-5
2.9252E-4
-7.3834E-6
9.1344E-5
1.1471E-4
6.0248E-5
1.5669E-4
1.6164E-4
7.0851E-5
1.6927E-4
5.4829E-5
-5.6460E-5
3.8191E-5
3.4335E-4
1.1227E-4
-3.0067E-5
2.6621E-4
1.9602E-4
1.0378E-4
-1.7714E-5
9.4574E-5
2.9884E-4
-3.0218E-5
-1.4043E-4
-6.1627E-5
3.5212E-4
2.1817E-4
-1.0672E-4
-2.4837E-5
-7.4024E-7
1.0352E-4
2.8826E-4
-9.3719E-5
9.9690E-5
1.8362E-4
2.6925E-4
1.1486E-4
-7.9234E-5
1.6171E-4
2.2207E-4
6.9059E-6
2.2633E-4
-1.1312E-4
-6.3827E-5
1.2612E-4
-8.6252E-5
1.3752E-4
3.0508E-4
1.8547E-4
1.0104E-4
1.6498E-4
1.3495E-4
3.9433E-3
1.8465E-5
3.7313E-4
2.6314E-4
1.9621E-4
2.2888E-4
2.1490E-4
1.1981E-4
7.1669E-5
-3.4146E-5
3.3002E-4
1.3377E-4
1.2718E-4
2.4358E-5
2.4479E-4
3.9550E-4
-1.1645E-4
1.1572E-4
1.2316E-4
2.3067E-4
-1.4645E-4
4.7728E-5
3.2787E-4
3.1141E-4
-2.3280E-4
8.0099E-5
9.1614E-5
-7.4381E-5
-3.8058E-5
3.0906E-4
2.8566E-5
3.8929E-4
4.8356E-6
2.9950E-4
-8.2969E-5
6.9169E-5
-4.5998E-5
2.6318E-4
1.1221E-4
3.1158E-4
-7.3826E-5
4.4246E-5
-3.3340E-5
1.5853E-4
-1.7882E-6
2.8224E-4
1.5875E-4
-1.7294E-4
5.5202E-4
1.3507E-4
1.8553E-4
2.0328E-4
1.0066E-4
5.6275E-6
1.9135E-4
5.6919E-5
1.6341E-4
9.8504E-5
2.2793E-4
3.8090E-4
-9.8671E-5
3.0172E-4
-2.2872E-5
3.1072E-4
-1.5649E-4
-6.9916E-5
1.7688E-4
2.8007E-4
-4.7304E-5
8.8941E-5
7.8641E-5
3.0825E-4
1.1309E-4
1.3763E-4
7.2639E-4
1.9156E-4
-7.8034E-5
-1.2870E-4
1.1813E-4
3.3902E-4
3.2594E-4
-6.0988E-5
-1.0064E-4
3.2953E-5
2.0610E-4
4.1424E-3
-2.7609E-4
-1.4467E-4
2.5873E-4
1.7521E-4
-1.2690E-4
2.9458E-4
2.8036E-4
2.3361E-4
4.7958E-5
1.2200E-4
-6.7847E-5
3.6259E-4
2.7848E-4
-1.2424E-4
2.3426E-4
2.6760E-4
-2.8465E-5
3.7899E-4
3.5883E-4
1.5284E-4
1.0563E-4
-1.6110E-5
1.4574E-4
-7.4229E-5
2.1098E-4
3.8278E-4
2.9863E-4
1.2530E-4
-3.7137E-5
2.6902E-4
3.0297E-5
4.0927E-3
-1.9351E-4
4.9552E-4
3.3394E-4
-2.0649E-4
5.6245E-5
2.3110E-4
4.2859E-3
2.0811E-5
-3.4204E-5
5.1971E-4
3.6259E-4
6.6426E-5
-6.0735E-6
2.5341E-4
2.4566E-4
2.1708E-4
1.2616E-4
-1.2548E-4
2.1918E-4
2.2560E-4
3.4138E-4
3.4704E-4
2.6412E-4
1.9265E-4
2.8324E-5
1.2954E-4
2.0725E-4
3.3580E-4
-1.1204E-5
1.2558E-4
2.4776E-4
1.1042E-4
2.3886E-4
2.9421E-4
2.4580E-4
2.8949E-4
2.1577E-4
1.9144E-4
1.2241E-4
2.6976E-4
2.3199E-4
4.0085E-3
-1.4490E-4
1.8864E-4
-2.1349E-4
6.0437E-5
4.0551E-4
3.2342E-4
-4.2228E-5
2.0502E-4
1.6308E-4
3.8604E-5
-2.1562E-5
-4.8702E-5
2.2425E-5
3.8788E-4
5.0838E-5
1.0319E-4
3.9474E-4
3.8481E-4
-4.1359E-5
3.0368E-5
2.2150E-4
2.0143E-4
2.2090E-4
2.0938E-4
4.0651E-4
3.7736E-4
2.0779E-4
9.5211E-5
6.5338E-5
2.7234E-4
2.7825E-4
3.5325E-4
1.1465E-4
-2.1199E-5
-7.5073E-5
-5.5092E-5
2.5382E-4
1.3267E-4
2.1385E-4
1.4840E-4
2.1772E-4
-1.4537E-5
3.9992E-3
-1.5815E-4
4.5074E-6
1.4664E-5
1.3701E-5
2.6481E-4
8.1894E-5
2.0355E-4
7.9569E-5
-2.8670E-5
1.1617E-4
3.0253E-4
4.8767E-4
1.0247E-4
-1.8897E-4
3.2084E-4
1.1532E-4
4.1759E-5
-1.1273E-4
2.3107E-4
3.1427E-4
7.2473E-5
2.3661E-5
2.1967E-4
2.4959E-4
1.2810E-4
-1.8298E-4
2.2177E-4
3.6233E-4
4.3329E-3
6.8843E-6
2.2343E-4
-3.5108E-5
4.9463E-4
6.6069E-4
2.9491E-4
2.2922E-4
2.1865E-4
3.1174E-4
-2.2846E-4
-1.3068E-4
2.3147E-4
-5.9784E-5
1.7159E-4
1.9173E-4
2.6686E-4
2.5986E-4
2.0051E-4
1.7612E-4
3.5629E-3
-4.6731E-5
1.9569E-4
2.4523E-4
8.7994E-5
2.4157E-4
-9.5593E-5
2.3754E-4
-2.6934E-5
2.4493E-4
2.3711E-4
9.5654E-5
-4.8040E-5
2.8863E-5
1.9120E-4
2.8984E-4
2.3310E-5
2.7538E-4
4.2604E-5
1.9678E-4
1.6327E-4
5.4312E-4
3.7729E-4
3.5096E-4
-2.7412E-5
8.4426E-5
2.2981E-4
1.5338E-4
2.9598E-4
1.3736E-4
3.9766E-5
1.3455E-4
4.1926E-4
1.8392E-4
2.4282E-4
-4.4970E-5
1.9986E-4
9.4744E-5
6.2222E-5
-1.2087E-4
-7.5288E-6
1.3426E-4
2.9115E-4
-2.1757E-4
3.6063E-4
2.6356E-4
2.6204E-4
1.1753E-4
-2.4849E-5
1.9591E-4
1.6330E-4
3.8046E-5
1.7804E-4
-6.8551E-5
-1.7699E-4
-6.4247E-5
3.7389E-3
-8.2329E-5
2.1846E-4
6.7792E-5
-1.3696E-4
1.2077E-4
1.5863E-4
5.6576E-5
-1.0632E-4
-8.2143E-5
1.9991E-4
1.1220E-4
3.8297E-3
-1.6675E-4
-1.1198E-4
1.7754E-4
7.0340E-5
2.2289E-4
-1.6537E-4
-1.1747E-4
2.6114E-4
2.2621E-4
7.3236E-5
1.2188E-4
2.5007E-4
2.2493E-4
2.7063E-4
-5.6003E-5
3.9716E-3
-5.8400E-5
7.7037E-5
8.3676E-5
-4.2894E-5
2.6416E-4
2.1519E-4
2.2910E-4
1.6493E-4
3.3834E-5
5.1420E-4
-1.0046E-4
2.7047E-4
1.6566E-4
3.3667E-5
-9.6595E-7
2.3935E-4
1.6453E-4
1.6019E-4
2.8105E-4
3.1772E-4
2.5333E-4
2.1660E-5
-1.0751E-4
7.4169E-5
2.6879E-4
1.4493E-4
3.2837E-4
3.0766E-4
-7.2426E-5
1.8852E-4
1.0967E-4
1.1947E-4
-1.6324E-4
1.8478E-4
3.1206E-5
2.2719E-4
7.6674E-5
3.4016E-4
2.4302E-5
2.5938E-4
3.8684E-4
2.1737E-4
-9.0023E-5
7.1282E-5
1.7481E-4
2.8723E-4
1.6327E-4
3.7701E-5
-1.2502E-4
5.2922E-4
3.0683E-4
-2.2054E-4
-4.6116E-5
2.6440E-4
1.3070E-4
2.1905E-4
1.8026E-6
3.4039E-4
4.0802E-4
-3.2224E-5
1.9497E-4
2.2251E-4
-6.2572E-5
8.4105E-5
-4.1227E-5
1.0541E-4
2.1781E-4
3.1908E-4
2.4914E-4
1.3010E-4
6.6095E-5
2.7392E-4
4.4561E-4
-1.1069E-4
-1.0587E-4
1.7130E-4
3.0451E-5
2.8238E-5
1.4829E-4
1.5756E-4
-2.5229E-5
1.7569E-4
-8.5981E-5
2.5442E-4
2.7590E-4
-1.0797E-4
2.2547E-4
3.6557E-4
2.7081E-4
2.3175E-5
4.3093E-4
2.0265E-4
-9.9421E-5
2.7973E-4
2.2674E-4
-1.0604E-4
2.7245E-4
1.1597E-4
4.6410E-5
-1.7958E-5
2.2407E-4
2.3305E-4
1.9992E-4
1.6870E-4
-2.9533E-5
2.1346E-4
2.8743E-4
1.6558E-4
-1.4691E-4
3.2733E-5
1.3268E-4
1.7128E-4
1.2078E-4
1.7375E-4
1.6281E-4
3.6991E-3
3.5960E-3
4.7599E-5
-1.6775E-4
2.2688E-4
1.4838E-4
2.0833E-4
-9.9142E-5
1.2489E-4
2.5384E-4
3.7548E-5
2.3259E-4
2.2464E-4
-2.9827E-5
1.6817E-4
9.6642E-5
-7.6714E-5
1.4844E-4
1.2468E-4
8.5444E-5
8.0467E-5
4.1127E-3
-1.2184E-5
3.2344E-4
3.5692E-5
-7.1918E-5
1.1398E-4
-2.3587E-5
2.0959E-4
3.3271E-4
5.3944E-5
3.7863E-5
2.8909E-4
-8.3052E-5
1.7172E-4
7.9298E-5
4.2652E-4
1.4536E-4
-1.5713E-4
3.5937E-4
2.7043E-4
3.1169E-4
1.6960E-4
-4.6536E-5
4.8813E-5
1.3402E-4
1.6159E-4
1.4543E-4
2.9622E-4
1.2151E-4
-1.1185E-4
9.5422E-5
2.9555E-4
3.3747E-4
6.4992E-5
2.0037E-4
1.7588E-4
-1.6289E-4
-1.2134E-4
2.4644E-4
5.3476E-4
2.4388E-4
2.0978E-5
2.0722E-4
1.3272E-4
4.0024E-3
5.5817E-6
2.3685E-4
1.4149E-4
2.4465E-4
1.2329E-4
2.9436E-4
3.3514E-5
6.5308E-5
1.7280E-4
-1.3709E-4
-5.4606E-6
4.1600E-3
4.3977E-5
-6.2832E-5
2.0703E-4
2.3505E-4
-1.4531E-4
1.3999E-4
1.4172E-4
9.0088E-5
-2.2113E-4
1.5955E-4
4.6703E-4
4.4159E-4
3.3335E-4
-9.1457E-5
2.4528E-4
3.6408E-4
-1.1497E-4
1.2452E-4
1.0337E-4
1.8065E-4
9.5997E-5
-1.6624E-4
1.7419E-4
3.2521E-4
4.1565E-3
1.2691E-4
1.8525E-4
-1.0273E-4
-7.6942E-5
1.6594E-4
1.4304E-4
7.7485E-5
8.8385E-5
1.0696E-4
1.5283E-4
-7.1449E-5
5.8252E-5
3.4801E-4
-6.2010E-5
-4.6014E-5
-7.7518E-5
3.8025E-5
1.4036E-4
-3.2413E-6
-2.0469E-5
2.5176E-4
4.0433E-4
-5.4314E-5
-4.5603E-5
6.4414E-5
9.9981E-5
-9.5881E-5
3.2195E-4
3.5499E-4
1.8153E-4
-6.7326E-5
1.7062E-4
3.3120E-4
1.3812E-4
2.2323E-4
2.8586E-4
1.6056E-4
1.0398E-4
3.7668E-4
-1.5085E-5
5.0790E-4
1.0570E-4
-1.2629E-5
-6.9973E-5
1.3884E-4
1.8360E-4
3.2184E-4
1.2176E-4
-5.4876E-5
8.7062E-6
1.6940E-4
5.3265E-4
2.5055E-4
2.0440E-4
2.5125E-4
2.6411E-4
5.7568E-5
2.0457E-4
2.6273E-4
-9.0872E-6
-3.5529E-5
1.4137E-4
-8.3375E-5
7.1961E-5
2.2938E-4
1.3462E-4
3.0213E-4
-1.4142E-5
-3.1198E-5
-6.1391E-5
3.7635E-4
-2.2909E-5
2.4681E-4
-4.7389E-5
2.4632E-4
1.9446E-4
5.9282E-4
2.9438E-4
3.1403E-4
1.6255E-4
2.1586E-4
3.8178E-3
-9.8810E-5
4.1622E-4
-2.7019E-5
2.1969E-4
4.0391E-4
-3.9329E-5
2.5043E-4
7.4788E-5
5.5967E-6
-4.5980E-5
2.3821E-4
1.3925E-4
4.1024E-5
2.9498E-4
3.3135E-6
1.3517E-4
6.1006E-5
-2.5477E-5
3.2083E-4
3.2031E-4
-1.5244E-4
1.2931E-4
1.6725E-4
-1.7149E-5
3.0555E-4
1.5059E-4
2.1354E-4
3.1006E-4
1.8929E-4
-5.9384E-5
-4.6215E-5
6.5095E-5
1.6243E-4
-3.1076E-5
1.7793E-4
1.7621E-4
1.8669E-4
2.2636E-4
2.9084E-4
5.7797E-5
3.4753E-4
9.3618E-5
-2.2737E-4
2.2532E-4
1.2271E-4
7.1029E-5
1.7027E-4
2.5177E-4
1.8542E-4
2.2413E-4
3.3964E-4
4.3434E-4
4.7806E-4
-6.6345E-5
2.6042E-4
1.2519E-4
1.0470E-4
5.0261E-6
1.8466E-4
3.9345E-4
1.3045E-4
3.2866E-4
1.7083E-4
9.9456E-6
-1.5990E-4
1.5009E-4
9.0229E-5
2.0191E-4
3.6768E-4
-9.5583E-5
-2.3187E-6
1.5860E-4
-8.8459E-5
1.6608E-4
2.9621E-4
2.8064E-4
2.8956E-4
-7.4721E-5
2.1520E-4
3.4970E-3
-2.2750E-4
4.8172E-5
-8.3253E-5
1.9425E-4
-1.3968E-4
1.6789E-4
4.8728E-4
1.6721E-4
2.1304E-4
-1.9642E-5
2.1810E-4
1.0355E-4
3.4475E-4
1.6003E-4
1.4149E-4
1.3250E-4
1.0855E-5
3.1604E-4
-1.8616E-4
-7.2955E-6
1.9348E-4
-7.5988E-5
1.9604E-4
-1.6963E-4
7.4175E-5
2.8360E-4
1.7472E-4
1.0176E-4
5.8192E-5
4.0048E-3
7.7569E-5
2.1444E-4
2.2145E-4
-8.9186E-5
3.4635E-5
2.7988E-4
2.1488E-4
1.2356E-4
9.8895E-5
2.6689E-4
2.7488E-4
1.2003E-4
9.9763E-5
8.2079E-5
4.4170E-4
1.1657E-4
-2.1886E-4
2.5566E-4
2.0356E-4
-1.2154E-4
2.6271E-4
2.3320E-4
-1.6417E-4
-4.5421E-5
1.3193E-4
-7.7673E-6
2.3436E-4
5.1701E-4
1.4223E-4
-1.0422E-4
3.3672E-4
-1.0380E-5
2.2958E-4
2.2047E-4
1.2308E-4
2.2384E-4
1.5592E-4
2.9388E-4
1.1660E-4
1.2987E-4
2.2559E-4
4.1497E-5
1.8032E-4
1.4681E-4
1.1548E-4
-2.4627E-4
2.4906E-4
2.8722E-4
4.0251E-4
-7.5992E-5
2.0726E-4
1.3424E-4
1.0191E-4
5.5696E-5
4.0161E-5
3.1657E-4
1.4742E-4
-1.3798E-4
5.0727E-4
2.8551E-4
4.5506E-5
-1.0058E-4
2.3866E-5
-1.6450E-4
2.7918E-4
4.0462E-5
-4.8875E-5
2.2204E-4
-2.0207E-4
2.4880E-4
-8.3345E-5
-1.1960E-5
1.9553E-4
-1.1561E-5
1.1541E-4
-7.2330E-5
1.7798E-4
-1.3981E-6
2.1260E-5
3.1928E-4
3.7723E-3
1.4093E-4
-9.5884E-5
3.2142E-5
3.4211E-5
2.1075E-4
1.3108E-4
1.0888E-5
3.2172E-4
1.5215E-4
3.8827E-3
-1.4853E-4
-1.2166E-4
1.1081E-4
1.9625E-4
1.6606E-4
4.4461E-5
5.6683E-4
1.5888E-4
1.1932E-4
3.2956E-4
7.6649E-5
-1.4397E-4
1.3461E-4
-2.1532E-4
2.0872E-4
6.4884E-5
9.5837E-5
4.1236E-3
-1.0096E-4
1.7460E-4
9.4935E-5
4.5081E-4
-1.7504E-4
1.2382E-4
6.4093E-4
3.4925E-4
2.6774E-4
2.9994E-4
-6.3125E-5
2.0063E-4
7.1389E-5
4.5201E-4
1.2448E-4
3.8685E-4
1.7303E-4
3.6918E-4
2.8274E-4
1.3015E-4
3.8120E-5
2.1291E-4
2.5926E-4
-8.2914E-5
2.6095E-6
1.1171E-4
5.7273E-5
-1.1148E-4
5.9478E-5
1.2527E-4
2.1554E-4
7.3614E-5
-4.1263E-6
2.1460E-4
3.8336E-4
1.5258E-4
4.1100E-4
-6.9483E-6
4.0396E-3
2.6336E-4
-1.1984E-4
-1.1984E-4
3.4028E-4
1.4087E-4
7.1168E-5
-1.1152E-4
-1.3229E-4
-8.3436E-5
-1.0099E-5
1.8308E-4
2.3173E-4
1.8512E-4
3.0331E-4
3.5329E-4
3.6109E-5
8.7961E-5
4.1497E-4
7.2727E-5
3.8472E-5
6.7394E-5
9.9781E-5
4.2504E-5
1.0438E-4
1.8962E-4
3.5615E-3
5.4854E-5
-8.9761E-5
1.0325E-4
1.7598E-4
2.4384E-5
2.4030E-4
2.2954E-4
1.9628E-4
3.1977E-4
1.6241E-4
1.5806E-4
2.1273E-4
9.8113E-5
8.2592E-5
1.1612E-4
1.4035E-4
1.0808E-4
4.0049E-3
6.5725E-5
3.5324E-5
2.1785E-4
4.6107E-4
1.5706E-4
1.4290E-4
-1.7855E-4
-6.9572E-5
-1.2509E-4
-4.9268E-5
5.7505E-4
3.6883E-5
1.8822E-4
3.4475E-4
-5.2627E-5
2.1674E-4
2.6828E-4
2.2534E-4
3.4569E-5
-3.5368E-5
2.4719E-4
-1.3745E-5
2.1262E-4
-1.7048E-5
1.3330E-4
1.2957E-4
-4.9001E-6
1.6813E-4
8.9758E-5
2.2719E-4
-1.9506E-5
1.2416E-4
-1.2128E-4
-3.8599E-5
-4.8307E-5
5.4538E-5
3.5147E-4
-1.0820E-4
-6.4072E-5
2.3437E-4
1.6277E-4
1.1955E-4
7.2711E-5
1.0581E-4
1.4210E-4
1.3245E-4
1.9195E-6
2.6280E-4
-4.2186E-5
-6.4080E-5
2.4159E-4
1.0684E-4
1.5805E-4
2.5039E-4
-8.0834E-5
1.0209E-5
2.1599E-4
1.1829E-4
-1.5758E-4
-1.3585E-4
-2.8763E-5
2.5280E-4
3.1686E-4
2.6255E-4
3.8319E-3
-2.2192E-4
1.3495E-4
7.4013E-5
1.3855E-4
2.2470E-4
1.5063E-4
-1.2740E-4
2.0196E-4
4.9108E-4
3.4985E-5
-1.0740E-4
1.3668E-4
2.1726E-4
9.6259E-5
-2.2524E-5
-2.2514E-4
5.1109E-4
3.9760E-4
4.2309E-5
-9.5114E-5
-6.9011E-5
3.1264E-6
3.3655E-4
-3.0468E-5
-2.2413E-5
2.3023E-4
2.7751E-4
1.5130E-5
2.7336E-4
4.0713E-4
-5.6218E-5
1.4369E-4
1.2546E-4
-3.4183E-5
5.8824E-4
1.4894E-4
2.0823E-4
1.3757E-4
1.7373E-4
-6.8159E-5
2.3287E-4
1.1999E-6
3.0572E-4
9.8938E-5
-1.2715E-4
-7.2840E-5
-2.0187E-4
-8.2679E-5
-4.8850E-5
-8.3878E-5
6.4311E-5
1.6831E-4
1.6069E-4
9.8800E-5
4.8703E-4
1.2166E-4
1.7173E-4
1.2287E-4
3.3400E-4
-3.7886E-5
1.8050E-4
-2.0485E-5
3.6789E-4
1.3033E-5
2.7621E-5
-9.5117E-5
2.9076E-4
9.1285E-5
3.2492E-4
6.4722E-5
-5.4170E-5
-3.4582E-5
